1 1272 1274
1272 312 1273
1274 1273 314
1272 1273 1274
312 1275 1277
1275 72 1276
1277 1276 313
1275 1276 1277
314 1278 1280
1278 313 1279
1280 1279 74
1278 1279 1280
312 1281 1283
1281 313 1282
1283 1282 314
1281 1282 1283
72 1284 1286
1284 315 1285
1286 1285 317
1284 1285 1286
315 1287 1289
1287 12 1288
1289 1288 316
1287 1288 1289
317 1290 1292
1290 316 1291
1292 1291 73
1290 1291 1292
315 1293 1295
1293 316 1294
1295 1294 317
1293 1294 1295
74 1296 1298
1296 318 1297
1298 1297 320
1296 1297 1298
318 1299 1301
1299 73 1300
1301 1300 319
1299 1300 1301
320 1302 1304
1302 319 1303
1304 1303 14
1302 1303 1304
318 1305 1307
1305 319 1306
1307 1306 320
1305 1306 1307
72 1308 1310
1308 321 1309
1310 1309 323
1308 1309 1310
321 1311 1313
1311 73 1312
1313 1312 322
1311 1312 1313
323 1314 1316
1314 322 1315
1316 1315 74
1314 1315 1316
321 1317 1319
1317 322 1318
1319 1318 323
1317 1318 1319
12 1320 1322
1320 324 1321
1322 1321 326
1320 1321 1322
324 1323 1325
1323 75 1324
1325 1324 325
1323 1324 1325
326 1326 1328
1326 325 1327
1328 1327 77
1326 1327 1328
324 1329 1331
1329 325 1330
1331 1330 326
1329 1330 1331
75 1332 1334
1332 327 1333
1334 1333 329
1332 1333 1334
327 1335 1337
1335 11 1336
1337 1336 328
1335 1336 1337
329 1338 1340
1338 328 1339
1340 1339 76
1338 1339 1340
327 1341 1343
1341 328 1342
1343 1342 329
1341 1342 1343
77 1344 1346
1344 330 1345
1346 1345 332
1344 1345 1346
330 1347 1349
1347 76 1348
1349 1348 331
1347 1348 1349
332 1350 1352
1350 331 1351
1352 1351 13
1350 1351 1352
330 1353 1355
1353 331 1354
1355 1354 332
1353 1354 1355
75 1356 1358
1356 333 1357
1358 1357 335
1356 1357 1358
333 1359 1361
1359 76 1360
1361 1360 334
1359 1360 1361
335 1362 1364
1362 334 1363
1364 1363 77
1362 1363 1364
333 1365 1367
1365 334 1366
1367 1366 335
1365 1366 1367
14 1368 1370
1368 336 1369
1370 1369 338
1368 1369 1370
336 1371 1373
1371 78 1372
1373 1372 337
1371 1372 1373
338 1374 1376
1374 337 1375
1376 1375 80
1374 1375 1376
336 1377 1379
1377 337 1378
1379 1378 338
1377 1378 1379
78 1380 1382
1380 339 1381
1382 1381 341
1380 1381 1382
339 1383 1385
1383 13 1384
1385 1384 340
1383 1384 1385
341 1386 1388
1386 340 1387
1388 1387 79
1386 1387 1388
339 1389 1391
1389 340 1390
1391 1390 341
1389 1390 1391
80 1392 1394
1392 342 1393
1394 1393 344
1392 1393 1394
342 1395 1397
1395 79 1396
1397 1396 343
1395 1396 1397
344 1398 1400
1398 343 1399
1400 1399 7
1398 1399 1400
342 1401 1403
1401 343 1402
1403 1402 344
1401 1402 1403
78 1404 1406
1404 345 1405
1406 1405 347
1404 1405 1406
345 1407 1409
1407 79 1408
1409 1408 346
1407 1408 1409
347 1410 1412
1410 346 1411
1412 1411 80
1410 1411 1412
345 1413 1415
1413 346 1414
1415 1414 347
1413 1414 1415
12 1416 1418
1416 348 1417
1418 1417 350
1416 1417 1418
348 1419 1421
1419 81 1420
1421 1420 349
1419 1420 1421
350 1422 1424
1422 349 1423
1424 1423 83
1422 1423 1424
348 1425 1427
1425 349 1426
1427 1426 350
1425 1426 1427
81 1428 1430
1428 351 1429
1430 1429 353
1428 1429 1430
351 1431 1433
1431 13 1432
1433 1432 352
1431 1432 1433
353 1434 1436
1434 352 1435
1436 1435 82
1434 1435 1436
351 1437 1439
1437 352 1438
1439 1438 353
1437 1438 1439
83 1440 1442
1440 354 1441
1442 1441 356
1440 1441 1442
354 1443 1445
1443 82 1444
1445 1444 355
1443 1444 1445
356 1446 1448
1446 355 1447
1448 1447 14
1446 1447 1448
354 1449 1451
1449 355 1450
1451 1450 356
1449 1450 1451
81 1452 1454
1452 357 1453
1454 1453 359
1452 1453 1454
357 1455 1457
1455 82 1456
1457 1456 358
1455 1456 1457
359 1458 1460
1458 358 1459
1460 1459 83
1458 1459 1460
357 1461 1463
1461 358 1462
1463 1462 359
1461 1462 1463
1 1464 1466
1464 360 1465
1466 1465 362
1464 1465 1466
360 1467 1469
1467 84 1468
1469 1468 361
1467 1468 1469
362 1470 1472
1470 361 1471
1472 1471 86
1470 1471 1472
360 1473 1475
1473 361 1474
1475 1474 362
1473 1474 1475
84 1476 1478
1476 363 1477
1478 1477 365
1476 1477 1478
363 1479 1481
1479 15 1480
1481 1480 364
1479 1480 1481
365 1482 1484
1482 364 1483
1484 1483 85
1482 1483 1484
363 1485 1487
1485 364 1486
1487 1486 365
1485 1486 1487
86 1488 1490
1488 366 1489
1490 1489 368
1488 1489 1490
366 1491 1493
1491 85 1492
1493 1492 367
1491 1492 1493
368 1494 1496
1494 367 1495
1496 1495 17
1494 1495 1496
366 1497 1499
1497 367 1498
1499 1498 368
1497 1498 1499
84 1500 1502
1500 369 1501
1502 1501 371
1500 1501 1502
369 1503 1505
1503 85 1504
1505 1504 370
1503 1504 1505
371 1506 1508
1506 370 1507
1508 1507 86
1506 1507 1508
369 1509 1511
1509 370 1510
1511 1510 371
1509 1510 1511
15 1512 1514
1512 372 1513
1514 1513 374
1512 1513 1514
372 1515 1517
1515 87 1516
1517 1516 373
1515 1516 1517
374 1518 1520
1518 373 1519
1520 1519 89
1518 1519 1520
372 1521 1523
1521 373 1522
1523 1522 374
1521 1522 1523
87 1524 1526
1524 375 1525
1526 1525 377
1524 1525 1526
375 1527 1529
1527 7 1528
1529 1528 376
1527 1528 1529
377 1530 1532
1530 376 1531
1532 1531 88
1530 1531 1532
375 1533 1535
1533 376 1534
1535 1534 377
1533 1534 1535
89 1536 1538
1536 378 1537
1538 1537 380
1536 1537 1538
378 1539 1541
1539 88 1540
1541 1540 379
1539 1540 1541
380 1542 1544
1542 379 1543
1544 1543 16
1542 1543 1544
378 1545 1547
1545 379 1546
1547 1546 380
1545 1546 1547
87 1548 1550
1548 381 1549
1550 1549 383
1548 1549 1550
381 1551 1553
1551 88 1552
1553 1552 382
1551 1552 1553
383 1554 1556
1554 382 1555
1556 1555 89
1554 1555 1556
381 1557 1559
1557 382 1558
1559 1558 383
1557 1558 1559
17 1560 1562
1560 384 1561
1562 1561 386
1560 1561 1562
384 1563 1565
1563 90 1564
1565 1564 385
1563 1564 1565
386 1566 1568
1566 385 1567
1568 1567 92
1566 1567 1568
384 1569 1571
1569 385 1570
1571 1570 386
1569 1570 1571
90 1572 1574
1572 387 1573
1574 1573 389
1572 1573 1574
387 1575 1577
1575 16 1576
1577 1576 388
1575 1576 1577
389 1578 1580
1578 388 1579
1580 1579 91
1578 1579 1580
387 1581 1583
1581 388 1582
1583 1582 389
1581 1582 1583
92 1584 1586
1584 390 1585
1586 1585 392
1584 1585 1586
390 1587 1589
1587 91 1588
1589 1588 391
1587 1588 1589
392 1590 1592
1590 391 1591
1592 1591 6
1590 1591 1592
390 1593 1595
1593 391 1594
1595 1594 392
1593 1594 1595
90 1596 1598
1596 393 1597
1598 1597 395
1596 1597 1598
393 1599 1601
1599 91 1600
1601 1600 394
1599 1600 1601
395 1602 1604
1602 394 1603
1604 1603 92
1602 1603 1604
393 1605 1607
1605 394 1606
1607 1606 395
1605 1606 1607
15 1608 1610
1608 396 1609
1610 1609 398
1608 1609 1610
396 1611 1613
1611 93 1612
1613 1612 397
1611 1612 1613
398 1614 1616
1614 397 1615
1616 1615 95
1614 1615 1616
396 1617 1619
1617 397 1618
1619 1618 398
1617 1618 1619
93 1620 1622
1620 399 1621
1622 1621 401
1620 1621 1622
399 1623 1625
1623 16 1624
1625 1624 400
1623 1624 1625
401 1626 1628
1626 400 1627
1628 1627 94
1626 1627 1628
399 1629 1631
1629 400 1630
1631 1630 401
1629 1630 1631
95 1632 1634
1632 402 1633
1634 1633 404
1632 1633 1634
402 1635 1637
1635 94 1636
1637 1636 403
1635 1636 1637
404 1638 1640
1638 403 1639
1640 1639 17
1638 1639 1640
402 1641 1643
1641 403 1642
1643 1642 404
1641 1642 1643
93 1644 1646
1644 405 1645
1646 1645 407
1644 1645 1646
405 1647 1649
1647 94 1648
1649 1648 406
1647 1648 1649
407 1650 1652
1650 406 1651
1652 1651 95
1650 1651 1652
405 1653 1655
1653 406 1654
1655 1654 407
1653 1654 1655
1 1656 1658
1656 408 1657
1658 1657 410
1656 1657 1658
408 1659 1661
1659 96 1660
1661 1660 409
1659 1660 1661
410 1662 1664
1662 409 1663
1664 1663 98
1662 1663 1664
408 1665 1667
1665 409 1666
1667 1666 410
1665 1666 1667
96 1668 1670
1668 411 1669
1670 1669 413
1668 1669 1670
411 1671 1673
1671 18 1672
1673 1672 412
1671 1672 1673
413 1674 1676
1674 412 1675
1676 1675 97
1674 1675 1676
411 1677 1679
1677 412 1678
1679 1678 413
1677 1678 1679
98 1680 1682
1680 414 1681
1682 1681 416
1680 1681 1682
414 1683 1685
1683 97 1684
1685 1684 415
1683 1684 1685
416 1686 1688
1686 415 1687
1688 1687 20
1686 1687 1688
414 1689 1691
1689 415 1690
1691 1690 416
1689 1690 1691
96 1692 1694
1692 417 1693
1694 1693 419
1692 1693 1694
417 1695 1697
1695 97 1696
1697 1696 418
1695 1696 1697
419 1698 1700
1698 418 1699
1700 1699 98
1698 1699 1700
417 1701 1703
1701 418 1702
1703 1702 419
1701 1702 1703
18 1704 1706
1704 420 1705
1706 1705 422
1704 1705 1706
420 1707 1709
1707 99 1708
1709 1708 421
1707 1708 1709
422 1710 1712
1710 421 1711
1712 1711 101
1710 1711 1712
420 1713 1715
1713 421 1714
1715 1714 422
1713 1714 1715
99 1716 1718
1716 423 1717
1718 1717 425
1716 1717 1718
423 1719 1721
1719 6 1720
1721 1720 424
1719 1720 1721
425 1722 1724
1722 424 1723
1724 1723 100
1722 1723 1724
423 1725 1727
1725 424 1726
1727 1726 425
1725 1726 1727
101 1728 1730
1728 426 1729
1730 1729 428
1728 1729 1730
426 1731 1733
1731 100 1732
1733 1732 427
1731 1732 1733
428 1734 1736
1734 427 1735
1736 1735 19
1734 1735 1736
426 1737 1739
1737 427 1738
1739 1738 428
1737 1738 1739
99 1740 1742
1740 429 1741
1742 1741 431
1740 1741 1742
429 1743 1745
1743 100 1744
1745 1744 430
1743 1744 1745
431 1746 1748
1746 430 1747
1748 1747 101
1746 1747 1748
429 1749 1751
1749 430 1750
1751 1750 431
1749 1750 1751
20 1752 1754
1752 432 1753
1754 1753 434
1752 1753 1754
432 1755 1757
1755 102 1756
1757 1756 433
1755 1756 1757
434 1758 1760
1758 433 1759
1760 1759 104
1758 1759 1760
432 1761 1763
1761 433 1762
1763 1762 434
1761 1762 1763
102 1764 1766
1764 435 1765
1766 1765 437
1764 1765 1766
435 1767 1769
1767 19 1768
1769 1768 436
1767 1768 1769
437 1770 1772
1770 436 1771
1772 1771 103
1770 1771 1772
435 1773 1775
1773 436 1774
1775 1774 437
1773 1774 1775
104 1776 1778
1776 438 1777
1778 1777 440
1776 1777 1778
438 1779 1781
1779 103 1780
1781 1780 439
1779 1780 1781
440 1782 1784
1782 439 1783
1784 1783 10
1782 1783 1784
438 1785 1787
1785 439 1786
1787 1786 440
1785 1786 1787
102 1788 1790
1788 441 1789
1790 1789 443
1788 1789 1790
441 1791 1793
1791 103 1792
1793 1792 442
1791 1792 1793
443 1794 1796
1794 442 1795
1796 1795 104
1794 1795 1796
441 1797 1799
1797 442 1798
1799 1798 443
1797 1798 1799
18 1800 1802
1800 444 1801
1802 1801 446
1800 1801 1802
444 1803 1805
1803 105 1804
1805 1804 445
1803 1804 1805
446 1806 1808
1806 445 1807
1808 1807 107
1806 1807 1808
444 1809 1811
1809 445 1810
1811 1810 446
1809 1810 1811
105 1812 1814
1812 447 1813
1814 1813 449
1812 1813 1814
447 1815 1817
1815 19 1816
1817 1816 448
1815 1816 1817
449 1818 1820
1818 448 1819
1820 1819 106
1818 1819 1820
447 1821 1823
1821 448 1822
1823 1822 449
1821 1822 1823
107 1824 1826
1824 450 1825
1826 1825 452
1824 1825 1826
450 1827 1829
1827 106 1828
1829 1828 451
1827 1828 1829
452 1830 1832
1830 451 1831
1832 1831 20
1830 1831 1832
450 1833 1835
1833 451 1834
1835 1834 452
1833 1834 1835
105 1836 1838
1836 453 1837
1838 1837 455
1836 1837 1838
453 1839 1841
1839 106 1840
1841 1840 454
1839 1840 1841
455 1842 1844
1842 454 1843
1844 1843 107
1842 1843 1844
453 1845 1847
1845 454 1846
1847 1846 455
1845 1846 1847
1 1848 1850
1848 456 1849
1850 1849 458
1848 1849 1850
456 1851 1853
1851 108 1852
1853 1852 457
1851 1852 1853
458 1854 1856
1854 457 1855
1856 1855 110
1854 1855 1856
456 1857 1859
1857 457 1858
1859 1858 458
1857 1858 1859
108 1860 1862
1860 459 1861
1862 1861 461
1860 1861 1862
459 1863 1865
1863 21 1864
1865 1864 460
1863 1864 1865
461 1866 1868
1866 460 1867
1868 1867 109
1866 1867 1868
459 1869 1871
1869 460 1870
1871 1870 461
1869 1870 1871
110 1872 1874
1872 462 1873
1874 1873 464
1872 1873 1874
462 1875 1877
1875 109 1876
1877 1876 463
1875 1876 1877
464 1878 1880
1878 463 1879
1880 1879 23
1878 1879 1880
462 1881 1883
1881 463 1882
1883 1882 464
1881 1882 1883
108 1884 1886
1884 465 1885
1886 1885 467
1884 1885 1886
465 1887 1889
1887 109 1888
1889 1888 466
1887 1888 1889
467 1890 1892
1890 466 1891
1892 1891 110
1890 1891 1892
465 1893 1895
1893 466 1894
1895 1894 467
1893 1894 1895
21 1896 1898
1896 468 1897
1898 1897 470
1896 1897 1898
468 1899 1901
1899 111 1900
1901 1900 469
1899 1900 1901
470 1902 1904
1902 469 1903
1904 1903 113
1902 1903 1904
468 1905 1907
1905 469 1906
1907 1906 470
1905 1906 1907
111 1908 1910
1908 471 1909
1910 1909 473
1908 1909 1910
471 1911 1913
1911 10 1912
1913 1912 472
1911 1912 1913
473 1914 1916
1914 472 1915
1916 1915 112
1914 1915 1916
471 1917 1919
1917 472 1918
1919 1918 473
1917 1918 1919
113 1920 1922
1920 474 1921
1922 1921 476
1920 1921 1922
474 1923 1925
1923 112 1924
1925 1924 475
1923 1924 1925
476 1926 1928
1926 475 1927
1928 1927 22
1926 1927 1928
474 1929 1931
1929 475 1930
1931 1930 476
1929 1930 1931
111 1932 1934
1932 477 1933
1934 1933 479
1932 1933 1934
477 1935 1937
1935 112 1936
1937 1936 478
1935 1936 1937
479 1938 1940
1938 478 1939
1940 1939 113
1938 1939 1940
477 1941 1943
1941 478 1942
1943 1942 479
1941 1942 1943
23 1944 1946
1944 480 1945
1946 1945 482
1944 1945 1946
480 1947 1949
1947 114 1948
1949 1948 481
1947 1948 1949
482 1950 1952
1950 481 1951
1952 1951 116
1950 1951 1952
480 1953 1955
1953 481 1954
1955 1954 482
1953 1954 1955
114 1956 1958
1956 483 1957
1958 1957 485
1956 1957 1958
483 1959 1961
1959 22 1960
1961 1960 484
1959 1960 1961
485 1962 1964
1962 484 1963
1964 1963 115
1962 1963 1964
483 1965 1967
1965 484 1966
1967 1966 485
1965 1966 1967
116 1968 1970
1968 486 1969
1970 1969 488
1968 1969 1970
486 1971 1973
1971 115 1972
1973 1972 487
1971 1972 1973
488 1974 1976
1974 487 1975
1976 1975 3
1974 1975 1976
486 1977 1979
1977 487 1978
1979 1978 488
1977 1978 1979
114 1980 1982
1980 489 1981
1982 1981 491
1980 1981 1982
489 1983 1985
1983 115 1984
1985 1984 490
1983 1984 1985
491 1986 1988
1986 490 1987
1988 1987 116
1986 1987 1988
489 1989 1991
1989 490 1990
1991 1990 491
1989 1990 1991
21 1992 1994
1992 492 1993
1994 1993 494
1992 1993 1994
492 1995 1997
1995 117 1996
1997 1996 493
1995 1996 1997
494 1998 2000
1998 493 1999
2000 1999 119
1998 1999 2000
492 2001 2003
2001 493 2002
2003 2002 494
2001 2002 2003
117 2004 2006
2004 495 2005
2006 2005 497
2004 2005 2006
495 2007 2009
2007 22 2008
2009 2008 496
2007 2008 2009
497 2010 2012
2010 496 2011
2012 2011 118
2010 2011 2012
495 2013 2015
2013 496 2014
2015 2014 497
2013 2014 2015
119 2016 2018
2016 498 2017
2018 2017 500
2016 2017 2018
498 2019 2021
2019 118 2020
2021 2020 499
2019 2020 2021
500 2022 2024
2022 499 2023
2024 2023 23
2022 2023 2024
498 2025 2027
2025 499 2026
2027 2026 500
2025 2026 2027
117 2028 2030
2028 501 2029
2030 2029 503
2028 2029 2030
501 2031 2033
2031 118 2032
2033 2032 502
2031 2032 2033
503 2034 2036
2034 502 2035
2036 2035 119
2034 2035 2036
501 2037 2039
2037 502 2038
2039 2038 503
2037 2038 2039
1 2040 2042
2040 504 2041
2042 2041 506
2040 2041 2042
504 2043 2045
2043 120 2044
2045 2044 505
2043 2044 2045
506 2046 2048
2046 505 2047
2048 2047 122
2046 2047 2048
504 2049 2051
2049 505 2050
2051 2050 506
2049 2050 2051
120 2052 2054
2052 507 2053
2054 2053 509
2052 2053 2054
507 2055 2057
2055 24 2056
2057 2056 508
2055 2056 2057
509 2058 2060
2058 508 2059
2060 2059 121
2058 2059 2060
507 2061 2063
2061 508 2062
2063 2062 509
2061 2062 2063
122 2064 2066
2064 510 2065
2066 2065 512
2064 2065 2066
510 2067 2069
2067 121 2068
2069 2068 511
2067 2068 2069
512 2070 2072
2070 511 2071
2072 2071 26
2070 2071 2072
510 2073 2075
2073 511 2074
2075 2074 512
2073 2074 2075
120 2076 2078
2076 513 2077
2078 2077 515
2076 2077 2078
513 2079 2081
2079 121 2080
2081 2080 514
2079 2080 2081
515 2082 2084
2082 514 2083
2084 2083 122
2082 2083 2084
513 2085 2087
2085 514 2086
2087 2086 515
2085 2086 2087
24 2088 2090
2088 516 2089
2090 2089 518
2088 2089 2090
516 2091 2093
2091 123 2092
2093 2092 517
2091 2092 2093
518 2094 2096
2094 517 2095
2096 2095 125
2094 2095 2096
516 2097 2099
2097 517 2098
2099 2098 518
2097 2098 2099
123 2100 2102
2100 519 2101
2102 2101 521
2100 2101 2102
519 2103 2105
2103 3 2104
2105 2104 520
2103 2104 2105
521 2106 2108
2106 520 2107
2108 2107 124
2106 2107 2108
519 2109 2111
2109 520 2110
2111 2110 521
2109 2110 2111
125 2112 2114
2112 522 2113
2114 2113 524
2112 2113 2114
522 2115 2117
2115 124 2116
2117 2116 523
2115 2116 2117
524 2118 2120
2118 523 2119
2120 2119 25
2118 2119 2120
522 2121 2123
2121 523 2122
2123 2122 524
2121 2122 2123
123 2124 2126
2124 525 2125
2126 2125 527
2124 2125 2126
525 2127 2129
2127 124 2128
2129 2128 526
2127 2128 2129
527 2130 2132
2130 526 2131
2132 2131 125
2130 2131 2132
525 2133 2135
2133 526 2134
2135 2134 527
2133 2134 2135
26 2136 2138
2136 528 2137
2138 2137 530
2136 2137 2138
528 2139 2141
2139 126 2140
2141 2140 529
2139 2140 2141
530 2142 2144
2142 529 2143
2144 2143 128
2142 2143 2144
528 2145 2147
2145 529 2146
2147 2146 530
2145 2146 2147
126 2148 2150
2148 531 2149
2150 2149 533
2148 2149 2150
531 2151 2153
2151 25 2152
2153 2152 532
2151 2152 2153
533 2154 2156
2154 532 2155
2156 2155 127
2154 2155 2156
531 2157 2159
2157 532 2158
2159 2158 533
2157 2158 2159
128 2160 2162
2160 534 2161
2162 2161 536
2160 2161 2162
534 2163 2165
2163 127 2164
2165 2164 535
2163 2164 2165
536 2166 2168
2166 535 2167
2168 2167 11
2166 2167 2168
534 2169 2171
2169 535 2170
2171 2170 536
2169 2170 2171
126 2172 2174
2172 537 2173
2174 2173 539
2172 2173 2174
537 2175 2177
2175 127 2176
2177 2176 538
2175 2176 2177
539 2178 2180
2178 538 2179
2180 2179 128
2178 2179 2180
537 2181 2183
2181 538 2182
2183 2182 539
2181 2182 2183
24 2184 2186
2184 540 2185
2186 2185 542
2184 2185 2186
540 2187 2189
2187 129 2188
2189 2188 541
2187 2188 2189
542 2190 2192
2190 541 2191
2192 2191 131
2190 2191 2192
540 2193 2195
2193 541 2194
2195 2194 542
2193 2194 2195
129 2196 2198
2196 543 2197
2198 2197 545
2196 2197 2198
543 2199 2201
2199 25 2200
2201 2200 544
2199 2200 2201
545 2202 2204
2202 544 2203
2204 2203 130
2202 2203 2204
543 2205 2207
2205 544 2206
2207 2206 545
2205 2206 2207
131 2208 2210
2208 546 2209
2210 2209 548
2208 2209 2210
546 2211 2213
2211 130 2212
2213 2212 547
2211 2212 2213
548 2214 2216
2214 547 2215
2216 2215 26
2214 2215 2216
546 2217 2219
2217 547 2218
2219 2218 548
2217 2218 2219
129 2220 2222
2220 549 2221
2222 2221 551
2220 2221 2222
549 2223 2225
2223 130 2224
2225 2224 550
2223 2224 2225
551 2226 2228
2226 550 2227
2228 2227 131
2226 2227 2228
549 2229 2231
2229 550 2230
2231 2230 551
2229 2230 2231
4 2232 2234
2232 552 2233
2234 2233 554
2232 2233 2234
552 2235 2237
2235 132 2236
2237 2236 553
2235 2236 2237
554 2238 2240
2238 553 2239
2240 2239 134
2238 2239 2240
552 2241 2243
2241 553 2242
2243 2242 554
2241 2242 2243
132 2244 2246
2244 555 2245
2246 2245 557
2244 2245 2246
555 2247 2249
2247 27 2248
2249 2248 556
2247 2248 2249
557 2250 2252
2250 556 2251
2252 2251 133
2250 2251 2252
555 2253 2255
2253 556 2254
2255 2254 557
2253 2254 2255
134 2256 2258
2256 558 2257
2258 2257 560
2256 2257 2258
558 2259 2261
2259 133 2260
2261 2260 559
2259 2260 2261
560 2262 2264
2262 559 2263
2264 2263 29
2262 2263 2264
558 2265 2267
2265 559 2266
2267 2266 560
2265 2266 2267
132 2268 2270
2268 561 2269
2270 2269 563
2268 2269 2270
561 2271 2273
2271 133 2272
2273 2272 562
2271 2272 2273
563 2274 2276
2274 562 2275
2276 2275 134
2274 2275 2276
561 2277 2279
2277 562 2278
2279 2278 563
2277 2278 2279
27 2280 2282
2280 564 2281
2282 2281 566
2280 2281 2282
564 2283 2285
2283 135 2284
2285 2284 565
2283 2284 2285
566 2286 2288
2286 565 2287
2288 2287 137
2286 2287 2288
564 2289 2291
2289 565 2290
2291 2290 566
2289 2290 2291
135 2292 2294
2292 567 2293
2294 2293 569
2292 2293 2294
567 2295 2297
2295 8 2296
2297 2296 568
2295 2296 2297
569 2298 2300
2298 568 2299
2300 2299 136
2298 2299 2300
567 2301 2303
2301 568 2302
2303 2302 569
2301 2302 2303
137 2304 2306
2304 570 2305
2306 2305 572
2304 2305 2306
570 2307 2309
2307 136 2308
2309 2308 571
2307 2308 2309
572 2310 2312
2310 571 2311
2312 2311 28
2310 2311 2312
570 2313 2315
2313 571 2314
2315 2314 572
2313 2314 2315
135 2316 2318
2316 573 2317
2318 2317 575
2316 2317 2318
573 2319 2321
2319 136 2320
2321 2320 574
2319 2320 2321
575 2322 2324
2322 574 2323
2324 2323 137
2322 2323 2324
573 2325 2327
2325 574 2326
2327 2326 575
2325 2326 2327
29 2328 2330
2328 576 2329
2330 2329 578
2328 2329 2330
576 2331 2333
2331 138 2332
2333 2332 577
2331 2332 2333
578 2334 2336
2334 577 2335
2336 2335 140
2334 2335 2336
576 2337 2339
2337 577 2338
2339 2338 578
2337 2338 2339
138 2340 2342
2340 579 2341
2342 2341 581
2340 2341 2342
579 2343 2345
2343 28 2344
2345 2344 580
2343 2344 2345
581 2346 2348
2346 580 2347
2348 2347 139
2346 2347 2348
579 2349 2351
2349 580 2350
2351 2350 581
2349 2350 2351
140 2352 2354
2352 582 2353
2354 2353 584
2352 2353 2354
582 2355 2357
2355 139 2356
2357 2356 583
2355 2356 2357
584 2358 2360
2358 583 2359
2360 2359 0
2358 2359 2360
582 2361 2363
2361 583 2362
2363 2362 584
2361 2362 2363
138 2364 2366
2364 585 2365
2366 2365 587
2364 2365 2366
585 2367 2369
2367 139 2368
2369 2368 586
2367 2368 2369
587 2370 2372
2370 586 2371
2372 2371 140
2370 2371 2372
585 2373 2375
2373 586 2374
2375 2374 587
2373 2374 2375
27 2376 2378
2376 588 2377
2378 2377 590
2376 2377 2378
588 2379 2381
2379 141 2380
2381 2380 589
2379 2380 2381
590 2382 2384
2382 589 2383
2384 2383 143
2382 2383 2384
588 2385 2387
2385 589 2386
2387 2386 590
2385 2386 2387
141 2388 2390
2388 591 2389
2390 2389 593
2388 2389 2390
591 2391 2393
2391 28 2392
2393 2392 592
2391 2392 2393
593 2394 2396
2394 592 2395
2396 2395 142
2394 2395 2396
591 2397 2399
2397 592 2398
2399 2398 593
2397 2398 2399
143 2400 2402
2400 594 2401
2402 2401 596
2400 2401 2402
594 2403 2405
2403 142 2404
2405 2404 595
2403 2404 2405
596 2406 2408
2406 595 2407
2408 2407 29
2406 2407 2408
594 2409 2411
2409 595 2410
2411 2410 596
2409 2410 2411
141 2412 2414
2412 597 2413
2414 2413 599
2412 2413 2414
597 2415 2417
2415 142 2416
2417 2416 598
2415 2416 2417
599 2418 2420
2418 598 2419
2420 2419 143
2418 2419 2420
597 2421 2423
2421 598 2422
2423 2422 599
2421 2422 2423
5 2424 2426
2424 600 2425
2426 2425 602
2424 2425 2426
600 2427 2429
2427 144 2428
2429 2428 601
2427 2428 2429
602 2430 2432
2430 601 2431
2432 2431 146
2430 2431 2432
600 2433 2435
2433 601 2434
2435 2434 602
2433 2434 2435
144 2436 2438
2436 603 2437
2438 2437 605
2436 2437 2438
603 2439 2441
2439 30 2440
2441 2440 604
2439 2440 2441
605 2442 2444
2442 604 2443
2444 2443 145
2442 2443 2444
603 2445 2447
2445 604 2446
2447 2446 605
2445 2446 2447
146 2448 2450
2448 606 2449
2450 2449 608
2448 2449 2450
606 2451 2453
2451 145 2452
2453 2452 607
2451 2452 2453
608 2454 2456
2454 607 2455
2456 2455 32
2454 2455 2456
606 2457 2459
2457 607 2458
2459 2458 608
2457 2458 2459
144 2460 2462
2460 609 2461
2462 2461 611
2460 2461 2462
609 2463 2465
2463 145 2464
2465 2464 610
2463 2464 2465
611 2466 2468
2466 610 2467
2468 2467 146
2466 2467 2468
609 2469 2471
2469 610 2470
2471 2470 611
2469 2470 2471
30 2472 2474
2472 612 2473
2474 2473 614
2472 2473 2474
612 2475 2477
2475 147 2476
2477 2476 613
2475 2476 2477
614 2478 2480
2478 613 2479
2480 2479 149
2478 2479 2480
612 2481 2483
2481 613 2482
2483 2482 614
2481 2482 2483
147 2484 2486
2484 615 2485
2486 2485 617
2484 2485 2486
615 2487 2489
2487 4 2488
2489 2488 616
2487 2488 2489
617 2490 2492
2490 616 2491
2492 2491 148
2490 2491 2492
615 2493 2495
2493 616 2494
2495 2494 617
2493 2494 2495
149 2496 2498
2496 618 2497
2498 2497 620
2496 2497 2498
618 2499 2501
2499 148 2500
2501 2500 619
2499 2500 2501
620 2502 2504
2502 619 2503
2504 2503 31
2502 2503 2504
618 2505 2507
2505 619 2506
2507 2506 620
2505 2506 2507
147 2508 2510
2508 621 2509
2510 2509 623
2508 2509 2510
621 2511 2513
2511 148 2512
2513 2512 622
2511 2512 2513
623 2514 2516
2514 622 2515
2516 2515 149
2514 2515 2516
621 2517 2519
2517 622 2518
2519 2518 623
2517 2518 2519
32 2520 2522
2520 624 2521
2522 2521 626
2520 2521 2522
624 2523 2525
2523 150 2524
2525 2524 625
2523 2524 2525
626 2526 2528
2526 625 2527
2528 2527 152
2526 2527 2528
624 2529 2531
2529 625 2530
2531 2530 626
2529 2530 2531
150 2532 2534
2532 627 2533
2534 2533 629
2532 2533 2534
627 2535 2537
2535 31 2536
2537 2536 628
2535 2536 2537
629 2538 2540
2538 628 2539
2540 2539 151
2538 2539 2540
627 2541 2543
2541 628 2542
2543 2542 629
2541 2542 2543
152 2544 2546
2544 630 2545
2546 2545 632
2544 2545 2546
630 2547 2549
2547 151 2548
2549 2548 631
2547 2548 2549
632 2550 2552
2550 631 2551
2552 2551 0
2550 2551 2552
630 2553 2555
2553 631 2554
2555 2554 632
2553 2554 2555
150 2556 2558
2556 633 2557
2558 2557 635
2556 2557 2558
633 2559 2561
2559 151 2560
2561 2560 634
2559 2560 2561
635 2562 2564
2562 634 2563
2564 2563 152
2562 2563 2564
633 2565 2567
2565 634 2566
2567 2566 635
2565 2566 2567
30 2568 2570
2568 636 2569
2570 2569 638
2568 2569 2570
636 2571 2573
2571 153 2572
2573 2572 637
2571 2572 2573
638 2574 2576
2574 637 2575
2576 2575 155
2574 2575 2576
636 2577 2579
2577 637 2578
2579 2578 638
2577 2578 2579
153 2580 2582
2580 639 2581
2582 2581 641
2580 2581 2582
639 2583 2585
2583 31 2584
2585 2584 640
2583 2584 2585
641 2586 2588
2586 640 2587
2588 2587 154
2586 2587 2588
639 2589 2591
2589 640 2590
2591 2590 641
2589 2590 2591
155 2592 2594
2592 642 2593
2594 2593 644
2592 2593 2594
642 2595 2597
2595 154 2596
2597 2596 643
2595 2596 2597
644 2598 2600
2598 643 2599
2600 2599 32
2598 2599 2600
642 2601 2603
2601 643 2602
2603 2602 644
2601 2602 2603
153 2604 2606
2604 645 2605
2606 2605 647
2604 2605 2606
645 2607 2609
2607 154 2608
2609 2608 646
2607 2608 2609
647 2610 2612
2610 646 2611
2612 2611 155
2610 2611 2612
645 2613 2615
2613 646 2614
2615 2614 647
2613 2614 2615
9 2616 2618
2616 648 2617
2618 2617 650
2616 2617 2618
648 2619 2621
2619 156 2620
2621 2620 649
2619 2620 2621
650 2622 2624
2622 649 2623
2624 2623 158
2622 2623 2624
648 2625 2627
2625 649 2626
2627 2626 650
2625 2626 2627
156 2628 2630
2628 651 2629
2630 2629 653
2628 2629 2630
651 2631 2633
2631 33 2632
2633 2632 652
2631 2632 2633
653 2634 2636
2634 652 2635
2636 2635 157
2634 2635 2636
651 2637 2639
2637 652 2638
2639 2638 653
2637 2638 2639
158 2640 2642
2640 654 2641
2642 2641 656
2640 2641 2642
654 2643 2645
2643 157 2644
2645 2644 655
2643 2644 2645
656 2646 2648
2646 655 2647
2648 2647 35
2646 2647 2648
654 2649 2651
2649 655 2650
2651 2650 656
2649 2650 2651
156 2652 2654
2652 657 2653
2654 2653 659
2652 2653 2654
657 2655 2657
2655 157 2656
2657 2656 658
2655 2656 2657
659 2658 2660
2658 658 2659
2660 2659 158
2658 2659 2660
657 2661 2663
2661 658 2662
2663 2662 659
2661 2662 2663
33 2664 2666
2664 660 2665
2666 2665 662
2664 2665 2666
660 2667 2669
2667 159 2668
2669 2668 661
2667 2668 2669
662 2670 2672
2670 661 2671
2672 2671 161
2670 2671 2672
660 2673 2675
2673 661 2674
2675 2674 662
2673 2674 2675
159 2676 2678
2676 663 2677
2678 2677 665
2676 2677 2678
663 2679 2681
2679 5 2680
2681 2680 664
2679 2680 2681
665 2682 2684
2682 664 2683
2684 2683 160
2682 2683 2684
663 2685 2687
2685 664 2686
2687 2686 665
2685 2686 2687
161 2688 2690
2688 666 2689
2690 2689 668
2688 2689 2690
666 2691 2693
2691 160 2692
2693 2692 667
2691 2692 2693
668 2694 2696
2694 667 2695
2696 2695 34
2694 2695 2696
666 2697 2699
2697 667 2698
2699 2698 668
2697 2698 2699
159 2700 2702
2700 669 2701
2702 2701 671
2700 2701 2702
669 2703 2705
2703 160 2704
2705 2704 670
2703 2704 2705
671 2706 2708
2706 670 2707
2708 2707 161
2706 2707 2708
669 2709 2711
2709 670 2710
2711 2710 671
2709 2710 2711
35 2712 2714
2712 672 2713
2714 2713 674
2712 2713 2714
672 2715 2717
2715 162 2716
2717 2716 673
2715 2716 2717
674 2718 2720
2718 673 2719
2720 2719 164
2718 2719 2720
672 2721 2723
2721 673 2722
2723 2722 674
2721 2722 2723
162 2724 2726
2724 675 2725
2726 2725 677
2724 2725 2726
675 2727 2729
2727 34 2728
2729 2728 676
2727 2728 2729
677 2730 2732
2730 676 2731
2732 2731 163
2730 2731 2732
675 2733 2735
2733 676 2734
2735 2734 677
2733 2734 2735
164 2736 2738
2736 678 2737
2738 2737 680
2736 2737 2738
678 2739 2741
2739 163 2740
2741 2740 679
2739 2740 2741
680 2742 2744
2742 679 2743
2744 2743 0
2742 2743 2744
678 2745 2747
2745 679 2746
2747 2746 680
2745 2746 2747
162 2748 2750
2748 681 2749
2750 2749 683
2748 2749 2750
681 2751 2753
2751 163 2752
2753 2752 682
2751 2752 2753
683 2754 2756
2754 682 2755
2756 2755 164
2754 2755 2756
681 2757 2759
2757 682 2758
2759 2758 683
2757 2758 2759
33 2760 2762
2760 684 2761
2762 2761 686
2760 2761 2762
684 2763 2765
2763 165 2764
2765 2764 685
2763 2764 2765
686 2766 2768
2766 685 2767
2768 2767 167
2766 2767 2768
684 2769 2771
2769 685 2770
2771 2770 686
2769 2770 2771
165 2772 2774
2772 687 2773
2774 2773 689
2772 2773 2774
687 2775 2777
2775 34 2776
2777 2776 688
2775 2776 2777
689 2778 2780
2778 688 2779
2780 2779 166
2778 2779 2780
687 2781 2783
2781 688 2782
2783 2782 689
2781 2782 2783
167 2784 2786
2784 690 2785
2786 2785 692
2784 2785 2786
690 2787 2789
2787 166 2788
2789 2788 691
2787 2788 2789
692 2790 2792
2790 691 2791
2792 2791 35
2790 2791 2792
690 2793 2795
2793 691 2794
2795 2794 692
2793 2794 2795
165 2796 2798
2796 693 2797
2798 2797 695
2796 2797 2798
693 2799 2801
2799 166 2800
2801 2800 694
2799 2800 2801
695 2802 2804
2802 694 2803
2804 2803 167
2802 2803 2804
693 2805 2807
2805 694 2806
2807 2806 695
2805 2806 2807
2 2808 2810
2808 696 2809
2810 2809 698
2808 2809 2810
696 2811 2813
2811 168 2812
2813 2812 697
2811 2812 2813
698 2814 2816
2814 697 2815
2816 2815 170
2814 2815 2816
696 2817 2819
2817 697 2818
2819 2818 698
2817 2818 2819
168 2820 2822
2820 699 2821
2822 2821 701
2820 2821 2822
699 2823 2825
2823 36 2824
2825 2824 700
2823 2824 2825
701 2826 2828
2826 700 2827
2828 2827 169
2826 2827 2828
699 2829 2831
2829 700 2830
2831 2830 701
2829 2830 2831
170 2832 2834
2832 702 2833
2834 2833 704
2832 2833 2834
702 2835 2837
2835 169 2836
2837 2836 703
2835 2836 2837
704 2838 2840
2838 703 2839
2840 2839 38
2838 2839 2840
702 2841 2843
2841 703 2842
2843 2842 704
2841 2842 2843
168 2844 2846
2844 705 2845
2846 2845 707
2844 2845 2846
705 2847 2849
2847 169 2848
2849 2848 706
2847 2848 2849
707 2850 2852
2850 706 2851
2852 2851 170
2850 2851 2852
705 2853 2855
2853 706 2854
2855 2854 707
2853 2854 2855
36 2856 2858
2856 708 2857
2858 2857 710
2856 2857 2858
708 2859 2861
2859 171 2860
2861 2860 709
2859 2860 2861
710 2862 2864
2862 709 2863
2864 2863 173
2862 2863 2864
708 2865 2867
2865 709 2866
2867 2866 710
2865 2866 2867
171 2868 2870
2868 711 2869
2870 2869 713
2868 2869 2870
711 2871 2873
2871 9 2872
2873 2872 712
2871 2872 2873
713 2874 2876
2874 712 2875
2876 2875 172
2874 2875 2876
711 2877 2879
2877 712 2878
2879 2878 713
2877 2878 2879
173 2880 2882
2880 714 2881
2882 2881 716
2880 2881 2882
714 2883 2885
2883 172 2884
2885 2884 715
2883 2884 2885
716 2886 2888
2886 715 2887
2888 2887 37
2886 2887 2888
714 2889 2891
2889 715 2890
2891 2890 716
2889 2890 2891
171 2892 2894
2892 717 2893
2894 2893 719
2892 2893 2894
717 2895 2897
2895 172 2896
2897 2896 718
2895 2896 2897
719 2898 2900
2898 718 2899
2900 2899 173
2898 2899 2900
717 2901 2903
2901 718 2902
2903 2902 719
2901 2902 2903
38 2904 2906
2904 720 2905
2906 2905 722
2904 2905 2906
720 2907 2909
2907 174 2908
2909 2908 721
2907 2908 2909
722 2910 2912
2910 721 2911
2912 2911 176
2910 2911 2912
720 2913 2915
2913 721 2914
2915 2914 722
2913 2914 2915
174 2916 2918
2916 723 2917
2918 2917 725
2916 2917 2918
723 2919 2921
2919 37 2920
2921 2920 724
2919 2920 2921
725 2922 2924
2922 724 2923
2924 2923 175
2922 2923 2924
723 2925 2927
2925 724 2926
2927 2926 725
2925 2926 2927
176 2928 2930
2928 726 2929
2930 2929 728
2928 2929 2930
726 2931 2933
2931 175 2932
2933 2932 727
2931 2932 2933
728 2934 2936
2934 727 2935
2936 2935 0
2934 2935 2936
726 2937 2939
2937 727 2938
2939 2938 728
2937 2938 2939
174 2940 2942
2940 729 2941
2942 2941 731
2940 2941 2942
729 2943 2945
2943 175 2944
2945 2944 730
2943 2944 2945
731 2946 2948
2946 730 2947
2948 2947 176
2946 2947 2948
729 2949 2951
2949 730 2950
2951 2950 731
2949 2950 2951
36 2952 2954
2952 732 2953
2954 2953 734
2952 2953 2954
732 2955 2957
2955 177 2956
2957 2956 733
2955 2956 2957
734 2958 2960
2958 733 2959
2960 2959 179
2958 2959 2960
732 2961 2963
2961 733 2962
2963 2962 734
2961 2962 2963
177 2964 2966
2964 735 2965
2966 2965 737
2964 2965 2966
735 2967 2969
2967 37 2968
2969 2968 736
2967 2968 2969
737 2970 2972
2970 736 2971
2972 2971 178
2970 2971 2972
735 2973 2975
2973 736 2974
2975 2974 737
2973 2974 2975
179 2976 2978
2976 738 2977
2978 2977 740
2976 2977 2978
738 2979 2981
2979 178 2980
2981 2980 739
2979 2980 2981
740 2982 2984
2982 739 2983
2984 2983 38
2982 2983 2984
738 2985 2987
2985 739 2986
2987 2986 740
2985 2986 2987
177 2988 2990
2988 741 2989
2990 2989 743
2988 2989 2990
741 2991 2993
2991 178 2992
2993 2992 742
2991 2992 2993
743 2994 2996
2994 742 2995
2996 2995 179
2994 2995 2996
741 2997 2999
2997 742 2998
2999 2998 743
2997 2998 2999
8 3000 3002
3000 744 3001
3002 3001 746
3000 3001 3002
744 3003 3005
3003 180 3004
3005 3004 745
3003 3004 3005
746 3006 3008
3006 745 3007
3008 3007 182
3006 3007 3008
744 3009 3011
3009 745 3010
3011 3010 746
3009 3010 3011
180 3012 3014
3012 747 3013
3014 3013 749
3012 3013 3014
747 3015 3017
3015 39 3016
3017 3016 748
3015 3016 3017
749 3018 3020
3018 748 3019
3020 3019 181
3018 3019 3020
747 3021 3023
3021 748 3022
3023 3022 749
3021 3022 3023
182 3024 3026
3024 750 3025
3026 3025 752
3024 3025 3026
750 3027 3029
3027 181 3028
3029 3028 751
3027 3028 3029
752 3030 3032
3030 751 3031
3032 3031 41
3030 3031 3032
750 3033 3035
3033 751 3034
3035 3034 752
3033 3034 3035
180 3036 3038
3036 753 3037
3038 3037 755
3036 3037 3038
753 3039 3041
3039 181 3040
3041 3040 754
3039 3040 3041
755 3042 3044
3042 754 3043
3044 3043 182
3042 3043 3044
753 3045 3047
3045 754 3046
3047 3046 755
3045 3046 3047
39 3048 3050
3048 756 3049
3050 3049 758
3048 3049 3050
756 3051 3053
3051 183 3052
3053 3052 757
3051 3052 3053
758 3054 3056
3054 757 3055
3056 3055 185
3054 3055 3056
756 3057 3059
3057 757 3058
3059 3058 758
3057 3058 3059
183 3060 3062
3060 759 3061
3062 3061 761
3060 3061 3062
759 3063 3065
3063 2 3064
3065 3064 760
3063 3064 3065
761 3066 3068
3066 760 3067
3068 3067 184
3066 3067 3068
759 3069 3071
3069 760 3070
3071 3070 761
3069 3070 3071
185 3072 3074
3072 762 3073
3074 3073 764
3072 3073 3074
762 3075 3077
3075 184 3076
3077 3076 763
3075 3076 3077
764 3078 3080
3078 763 3079
3080 3079 40
3078 3079 3080
762 3081 3083
3081 763 3082
3083 3082 764
3081 3082 3083
183 3084 3086
3084 765 3085
3086 3085 767
3084 3085 3086
765 3087 3089
3087 184 3088
3089 3088 766
3087 3088 3089
767 3090 3092
3090 766 3091
3092 3091 185
3090 3091 3092
765 3093 3095
3093 766 3094
3095 3094 767
3093 3094 3095
41 3096 3098
3096 768 3097
3098 3097 770
3096 3097 3098
768 3099 3101
3099 186 3100
3101 3100 769
3099 3100 3101
770 3102 3104
3102 769 3103
3104 3103 188
3102 3103 3104
768 3105 3107
3105 769 3106
3107 3106 770
3105 3106 3107
186 3108 3110
3108 771 3109
3110 3109 773
3108 3109 3110
771 3111 3113
3111 40 3112
3113 3112 772
3111 3112 3113
773 3114 3116
3114 772 3115
3116 3115 187
3114 3115 3116
771 3117 3119
3117 772 3118
3119 3118 773
3117 3118 3119
188 3120 3122
3120 774 3121
3122 3121 776
3120 3121 3122
774 3123 3125
3123 187 3124
3125 3124 775
3123 3124 3125
776 3126 3128
3126 775 3127
3128 3127 0
3126 3127 3128
774 3129 3131
3129 775 3130
3131 3130 776
3129 3130 3131
186 3132 3134
3132 777 3133
3134 3133 779
3132 3133 3134
777 3135 3137
3135 187 3136
3137 3136 778
3135 3136 3137
779 3138 3140
3138 778 3139
3140 3139 188
3138 3139 3140
777 3141 3143
3141 778 3142
3143 3142 779
3141 3142 3143
39 3144 3146
3144 780 3145
3146 3145 782
3144 3145 3146
780 3147 3149
3147 189 3148
3149 3148 781
3147 3148 3149
782 3150 3152
3150 781 3151
3152 3151 191
3150 3151 3152
780 3153 3155
3153 781 3154
3155 3154 782
3153 3154 3155
189 3156 3158
3156 783 3157
3158 3157 785
3156 3157 3158
783 3159 3161
3159 40 3160
3161 3160 784
3159 3160 3161
785 3162 3164
3162 784 3163
3164 3163 190
3162 3163 3164
783 3165 3167
3165 784 3166
3167 3166 785
3165 3166 3167
191 3168 3170
3168 786 3169
3170 3169 788
3168 3169 3170
786 3171 3173
3171 190 3172
3173 3172 787
3171 3172 3173
788 3174 3176
3174 787 3175
3176 3175 41
3174 3175 3176
786 3177 3179
3177 787 3178
3179 3178 788
3177 3178 3179
189 3180 3182
3180 789 3181
3182 3181 791
3180 3181 3182
789 3183 3185
3183 190 3184
3185 3184 790
3183 3184 3185
791 3186 3188
3186 790 3187
3188 3187 191
3186 3187 3188
789 3189 3191
3189 790 3190
3191 3190 791
3189 3190 3191
11 3192 3194
3192 792 3193
3194 3193 794
3192 3193 3194
792 3195 3197
3195 192 3196
3197 3196 793
3195 3196 3197
794 3198 3200
3198 793 3199
3200 3199 194
3198 3199 3200
792 3201 3203
3201 793 3202
3203 3202 794
3201 3202 3203
192 3204 3206
3204 795 3205
3206 3205 797
3204 3205 3206
795 3207 3209
3207 42 3208
3209 3208 796
3207 3208 3209
797 3210 3212
3210 796 3211
3212 3211 193
3210 3211 3212
795 3213 3215
3213 796 3214
3215 3214 797
3213 3214 3215
194 3216 3218
3216 798 3217
3218 3217 800
3216 3217 3218
798 3219 3221
3219 193 3220
3221 3220 799
3219 3220 3221
800 3222 3224
3222 799 3223
3224 3223 44
3222 3223 3224
798 3225 3227
3225 799 3226
3227 3226 800
3225 3226 3227
192 3228 3230
3228 801 3229
3230 3229 803
3228 3229 3230
801 3231 3233
3231 193 3232
3233 3232 802
3231 3232 3233
803 3234 3236
3234 802 3235
3236 3235 194
3234 3235 3236
801 3237 3239
3237 802 3238
3239 3238 803
3237 3238 3239
42 3240 3242
3240 804 3241
3242 3241 806
3240 3241 3242
804 3243 3245
3243 195 3244
3245 3244 805
3243 3244 3245
806 3246 3248
3246 805 3247
3248 3247 197
3246 3247 3248
804 3249 3251
3249 805 3250
3251 3250 806
3249 3250 3251
195 3252 3254
3252 807 3253
3254 3253 809
3252 3253 3254
807 3255 3257
3255 9 3256
3257 3256 808
3255 3256 3257
809 3258 3260
3258 808 3259
3260 3259 196
3258 3259 3260
807 3261 3263
3261 808 3262
3263 3262 809
3261 3262 3263
197 3264 3266
3264 810 3265
3266 3265 812
3264 3265 3266
810 3267 3269
3267 196 3268
3269 3268 811
3267 3268 3269
812 3270 3272
3270 811 3271
3272 3271 43
3270 3271 3272
810 3273 3275
3273 811 3274
3275 3274 812
3273 3274 3275
195 3276 3278
3276 813 3277
3278 3277 815
3276 3277 3278
813 3279 3281
3279 196 3280
3281 3280 814
3279 3280 3281
815 3282 3284
3282 814 3283
3284 3283 197
3282 3283 3284
813 3285 3287
3285 814 3286
3287 3286 815
3285 3286 3287
44 3288 3290
3288 816 3289
3290 3289 818
3288 3289 3290
816 3291 3293
3291 198 3292
3293 3292 817
3291 3292 3293
818 3294 3296
3294 817 3295
3296 3295 200
3294 3295 3296
816 3297 3299
3297 817 3298
3299 3298 818
3297 3298 3299
198 3300 3302
3300 819 3301
3302 3301 821
3300 3301 3302
819 3303 3305
3303 43 3304
3305 3304 820
3303 3304 3305
821 3306 3308
3306 820 3307
3308 3307 199
3306 3307 3308
819 3309 3311
3309 820 3310
3311 3310 821
3309 3310 3311
200 3312 3314
3312 822 3313
3314 3313 824
3312 3313 3314
822 3315 3317
3315 199 3316
3317 3316 823
3315 3316 3317
824 3318 3320
3318 823 3319
3320 3319 7
3318 3319 3320
822 3321 3323
3321 823 3322
3323 3322 824
3321 3322 3323
198 3324 3326
3324 825 3325
3326 3325 827
3324 3325 3326
825 3327 3329
3327 199 3328
3329 3328 826
3327 3328 3329
827 3330 3332
3330 826 3331
3332 3331 200
3330 3331 3332
825 3333 3335
3333 826 3334
3335 3334 827
3333 3334 3335
42 3336 3338
3336 828 3337
3338 3337 830
3336 3337 3338
828 3339 3341
3339 201 3340
3341 3340 829
3339 3340 3341
830 3342 3344
3342 829 3343
3344 3343 203
3342 3343 3344
828 3345 3347
3345 829 3346
3347 3346 830
3345 3346 3347
201 3348 3350
3348 831 3349
3350 3349 833
3348 3349 3350
831 3351 3353
3351 43 3352
3353 3352 832
3351 3352 3353
833 3354 3356
3354 832 3355
3356 3355 202
3354 3355 3356
831 3357 3359
3357 832 3358
3359 3358 833
3357 3358 3359
203 3360 3362
3360 834 3361
3362 3361 836
3360 3361 3362
834 3363 3365
3363 202 3364
3365 3364 835
3363 3364 3365
836 3366 3368
3366 835 3367
3368 3367 44
3366 3367 3368
834 3369 3371
3369 835 3370
3371 3370 836
3369 3370 3371
201 3372 3374
3372 837 3373
3374 3373 839
3372 3373 3374
837 3375 3377
3375 202 3376
3377 3376 838
3375 3376 3377
839 3378 3380
3378 838 3379
3380 3379 203
3378 3379 3380
837 3381 3383
3381 838 3382
3383 3382 839
3381 3382 3383
7 3384 3386
3384 840 3385
3386 3385 842
3384 3385 3386
840 3387 3389
3387 204 3388
3389 3388 841
3387 3388 3389
842 3390 3392
3390 841 3391
3392 3391 206
3390 3391 3392
840 3393 3395
3393 841 3394
3395 3394 842
3393 3394 3395
204 3396 3398
3396 843 3397
3398 3397 845
3396 3397 3398
843 3399 3401
3399 45 3400
3401 3400 844
3399 3400 3401
845 3402 3404
3402 844 3403
3404 3403 205
3402 3403 3404
843 3405 3407
3405 844 3406
3407 3406 845
3405 3406 3407
206 3408 3410
3408 846 3409
3410 3409 848
3408 3409 3410
846 3411 3413
3411 205 3412
3413 3412 847
3411 3412 3413
848 3414 3416
3414 847 3415
3416 3415 47
3414 3415 3416
846 3417 3419
3417 847 3418
3419 3418 848
3417 3418 3419
204 3420 3422
3420 849 3421
3422 3421 851
3420 3421 3422
849 3423 3425
3423 205 3424
3425 3424 850
3423 3424 3425
851 3426 3428
3426 850 3427
3428 3427 206
3426 3427 3428
849 3429 3431
3429 850 3430
3431 3430 851
3429 3430 3431
45 3432 3434
3432 852 3433
3434 3433 854
3432 3433 3434
852 3435 3437
3435 207 3436
3437 3436 853
3435 3436 3437
854 3438 3440
3438 853 3439
3440 3439 209
3438 3439 3440
852 3441 3443
3441 853 3442
3443 3442 854
3441 3442 3443
207 3444 3446
3444 855 3445
3446 3445 857
3444 3445 3446
855 3447 3449
3447 2 3448
3449 3448 856
3447 3448 3449
857 3450 3452
3450 856 3451
3452 3451 208
3450 3451 3452
855 3453 3455
3453 856 3454
3455 3454 857
3453 3454 3455
209 3456 3458
3456 858 3457
3458 3457 860
3456 3457 3458
858 3459 3461
3459 208 3460
3461 3460 859
3459 3460 3461
860 3462 3464
3462 859 3463
3464 3463 46
3462 3463 3464
858 3465 3467
3465 859 3466
3467 3466 860
3465 3466 3467
207 3468 3470
3468 861 3469
3470 3469 863
3468 3469 3470
861 3471 3473
3471 208 3472
3473 3472 862
3471 3472 3473
863 3474 3476
3474 862 3475
3476 3475 209
3474 3475 3476
861 3477 3479
3477 862 3478
3479 3478 863
3477 3478 3479
47 3480 3482
3480 864 3481
3482 3481 866
3480 3481 3482
864 3483 3485
3483 210 3484
3485 3484 865
3483 3484 3485
866 3486 3488
3486 865 3487
3488 3487 212
3486 3487 3488
864 3489 3491
3489 865 3490
3491 3490 866
3489 3490 3491
210 3492 3494
3492 867 3493
3494 3493 869
3492 3493 3494
867 3495 3497
3495 46 3496
3497 3496 868
3495 3496 3497
869 3498 3500
3498 868 3499
3500 3499 211
3498 3499 3500
867 3501 3503
3501 868 3502
3503 3502 869
3501 3502 3503
212 3504 3506
3504 870 3505
3506 3505 872
3504 3505 3506
870 3507 3509
3507 211 3508
3509 3508 871
3507 3508 3509
872 3510 3512
3510 871 3511
3512 3511 6
3510 3511 3512
870 3513 3515
3513 871 3514
3515 3514 872
3513 3514 3515
210 3516 3518
3516 873 3517
3518 3517 875
3516 3517 3518
873 3519 3521
3519 211 3520
3521 3520 874
3519 3520 3521
875 3522 3524
3522 874 3523
3524 3523 212
3522 3523 3524
873 3525 3527
3525 874 3526
3527 3526 875
3525 3526 3527
45 3528 3530
3528 876 3529
3530 3529 878
3528 3529 3530
876 3531 3533
3531 213 3532
3533 3532 877
3531 3532 3533
878 3534 3536
3534 877 3535
3536 3535 215
3534 3535 3536
876 3537 3539
3537 877 3538
3539 3538 878
3537 3538 3539
213 3540 3542
3540 879 3541
3542 3541 881
3540 3541 3542
879 3543 3545
3543 46 3544
3545 3544 880
3543 3544 3545
881 3546 3548
3546 880 3547
3548 3547 214
3546 3547 3548
879 3549 3551
3549 880 3550
3551 3550 881
3549 3550 3551
215 3552 3554
3552 882 3553
3554 3553 884
3552 3553 3554
882 3555 3557
3555 214 3556
3557 3556 883
3555 3556 3557
884 3558 3560
3558 883 3559
3560 3559 47
3558 3559 3560
882 3561 3563
3561 883 3562
3563 3562 884
3561 3562 3563
213 3564 3566
3564 885 3565
3566 3565 887
3564 3565 3566
885 3567 3569
3567 214 3568
3569 3568 886
3567 3568 3569
887 3570 3572
3570 886 3571
3572 3571 215
3570 3571 3572
885 3573 3575
3573 886 3574
3575 3574 887
3573 3574 3575
6 3576 3578
3576 888 3577
3578 3577 890
3576 3577 3578
888 3579 3581
3579 216 3580
3581 3580 889
3579 3580 3581
890 3582 3584
3582 889 3583
3584 3583 218
3582 3583 3584
888 3585 3587
3585 889 3586
3587 3586 890
3585 3586 3587
216 3588 3590
3588 891 3589
3590 3589 893
3588 3589 3590
891 3591 3593
3591 48 3592
3593 3592 892
3591 3592 3593
893 3594 3596
3594 892 3595
3596 3595 217
3594 3595 3596
891 3597 3599
3597 892 3598
3599 3598 893
3597 3598 3599
218 3600 3602
3600 894 3601
3602 3601 896
3600 3601 3602
894 3603 3605
3603 217 3604
3605 3604 895
3603 3604 3605
896 3606 3608
3606 895 3607
3608 3607 50
3606 3607 3608
894 3609 3611
3609 895 3610
3611 3610 896
3609 3610 3611
216 3612 3614
3612 897 3613
3614 3613 899
3612 3613 3614
897 3615 3617
3615 217 3616
3617 3616 898
3615 3616 3617
899 3618 3620
3618 898 3619
3620 3619 218
3618 3619 3620
897 3621 3623
3621 898 3622
3623 3622 899
3621 3622 3623
48 3624 3626
3624 900 3625
3626 3625 902
3624 3625 3626
900 3627 3629
3627 219 3628
3629 3628 901
3627 3628 3629
902 3630 3632
3630 901 3631
3632 3631 221
3630 3631 3632
900 3633 3635
3633 901 3634
3635 3634 902
3633 3634 3635
219 3636 3638
3636 903 3637
3638 3637 905
3636 3637 3638
903 3639 3641
3639 8 3640
3641 3640 904
3639 3640 3641
905 3642 3644
3642 904 3643
3644 3643 220
3642 3643 3644
903 3645 3647
3645 904 3646
3647 3646 905
3645 3646 3647
221 3648 3650
3648 906 3649
3650 3649 908
3648 3649 3650
906 3651 3653
3651 220 3652
3653 3652 907
3651 3652 3653
908 3654 3656
3654 907 3655
3656 3655 49
3654 3655 3656
906 3657 3659
3657 907 3658
3659 3658 908
3657 3658 3659
219 3660 3662
3660 909 3661
3662 3661 911
3660 3661 3662
909 3663 3665
3663 220 3664
3665 3664 910
3663 3664 3665
911 3666 3668
3666 910 3667
3668 3667 221
3666 3667 3668
909 3669 3671
3669 910 3670
3671 3670 911
3669 3670 3671
50 3672 3674
3672 912 3673
3674 3673 914
3672 3673 3674
912 3675 3677
3675 222 3676
3677 3676 913
3675 3676 3677
914 3678 3680
3678 913 3679
3680 3679 224
3678 3679 3680
912 3681 3683
3681 913 3682
3683 3682 914
3681 3682 3683
222 3684 3686
3684 915 3685
3686 3685 917
3684 3685 3686
915 3687 3689
3687 49 3688
3689 3688 916
3687 3688 3689
917 3690 3692
3690 916 3691
3692 3691 223
3690 3691 3692
915 3693 3695
3693 916 3694
3695 3694 917
3693 3694 3695
224 3696 3698
3696 918 3697
3698 3697 920
3696 3697 3698
918 3699 3701
3699 223 3700
3701 3700 919
3699 3700 3701
920 3702 3704
3702 919 3703
3704 3703 10
3702 3703 3704
918 3705 3707
3705 919 3706
3707 3706 920
3705 3706 3707
222 3708 3710
3708 921 3709
3710 3709 923
3708 3709 3710
921 3711 3713
3711 223 3712
3713 3712 922
3711 3712 3713
923 3714 3716
3714 922 3715
3716 3715 224
3714 3715 3716
921 3717 3719
3717 922 3718
3719 3718 923
3717 3718 3719
48 3720 3722
3720 924 3721
3722 3721 926
3720 3721 3722
924 3723 3725
3723 225 3724
3725 3724 925
3723 3724 3725
926 3726 3728
3726 925 3727
3728 3727 227
3726 3727 3728
924 3729 3731
3729 925 3730
3731 3730 926
3729 3730 3731
225 3732 3734
3732 927 3733
3734 3733 929
3732 3733 3734
927 3735 3737
3735 49 3736
3737 3736 928
3735 3736 3737
929 3738 3740
3738 928 3739
3740 3739 226
3738 3739 3740
927 3741 3743
3741 928 3742
3743 3742 929
3741 3742 3743
227 3744 3746
3744 930 3745
3746 3745 932
3744 3745 3746
930 3747 3749
3747 226 3748
3749 3748 931
3747 3748 3749
932 3750 3752
3750 931 3751
3752 3751 50
3750 3751 3752
930 3753 3755
3753 931 3754
3755 3754 932
3753 3754 3755
225 3756 3758
3756 933 3757
3758 3757 935
3756 3757 3758
933 3759 3761
3759 226 3760
3761 3760 934
3759 3760 3761
935 3762 3764
3762 934 3763
3764 3763 227
3762 3763 3764
933 3765 3767
3765 934 3766
3767 3766 935
3765 3766 3767
10 3768 3770
3768 936 3769
3770 3769 938
3768 3769 3770
936 3771 3773
3771 228 3772
3773 3772 937
3771 3772 3773
938 3774 3776
3774 937 3775
3776 3775 230
3774 3775 3776
936 3777 3779
3777 937 3778
3779 3778 938
3777 3778 3779
228 3780 3782
3780 939 3781
3782 3781 941
3780 3781 3782
939 3783 3785
3783 51 3784
3785 3784 940
3783 3784 3785
941 3786 3788
3786 940 3787
3788 3787 229
3786 3787 3788
939 3789 3791
3789 940 3790
3791 3790 941
3789 3790 3791
230 3792 3794
3792 942 3793
3794 3793 944
3792 3793 3794
942 3795 3797
3795 229 3796
3797 3796 943
3795 3796 3797
944 3798 3800
3798 943 3799
3800 3799 53
3798 3799 3800
942 3801 3803
3801 943 3802
3803 3802 944
3801 3802 3803
228 3804 3806
3804 945 3805
3806 3805 947
3804 3805 3806
945 3807 3809
3807 229 3808
3809 3808 946
3807 3808 3809
947 3810 3812
3810 946 3811
3812 3811 230
3810 3811 3812
945 3813 3815
3813 946 3814
3815 3814 947
3813 3814 3815
51 3816 3818
3816 948 3817
3818 3817 950
3816 3817 3818
948 3819 3821
3819 231 3820
3821 3820 949
3819 3820 3821
950 3822 3824
3822 949 3823
3824 3823 233
3822 3823 3824
948 3825 3827
3825 949 3826
3827 3826 950
3825 3826 3827
231 3828 3830
3828 951 3829
3830 3829 953
3828 3829 3830
951 3831 3833
3831 4 3832
3833 3832 952
3831 3832 3833
953 3834 3836
3834 952 3835
3836 3835 232
3834 3835 3836
951 3837 3839
3837 952 3838
3839 3838 953
3837 3838 3839
233 3840 3842
3840 954 3841
3842 3841 956
3840 3841 3842
954 3843 3845
3843 232 3844
3845 3844 955
3843 3844 3845
956 3846 3848
3846 955 3847
3848 3847 52
3846 3847 3848
954 3849 3851
3849 955 3850
3851 3850 956
3849 3850 3851
231 3852 3854
3852 957 3853
3854 3853 959
3852 3853 3854
957 3855 3857
3855 232 3856
3857 3856 958
3855 3856 3857
959 3858 3860
3858 958 3859
3860 3859 233
3858 3859 3860
957 3861 3863
3861 958 3862
3863 3862 959
3861 3862 3863
53 3864 3866
3864 960 3865
3866 3865 962
3864 3865 3866
960 3867 3869
3867 234 3868
3869 3868 961
3867 3868 3869
962 3870 3872
3870 961 3871
3872 3871 236
3870 3871 3872
960 3873 3875
3873 961 3874
3875 3874 962
3873 3874 3875
234 3876 3878
3876 963 3877
3878 3877 965
3876 3877 3878
963 3879 3881
3879 52 3880
3881 3880 964
3879 3880 3881
965 3882 3884
3882 964 3883
3884 3883 235
3882 3883 3884
963 3885 3887
3885 964 3886
3887 3886 965
3885 3886 3887
236 3888 3890
3888 966 3889
3890 3889 968
3888 3889 3890
966 3891 3893
3891 235 3892
3893 3892 967
3891 3892 3893
968 3894 3896
3894 967 3895
3896 3895 3
3894 3895 3896
966 3897 3899
3897 967 3898
3899 3898 968
3897 3898 3899
234 3900 3902
3900 969 3901
3902 3901 971
3900 3901 3902
969 3903 3905
3903 235 3904
3905 3904 970
3903 3904 3905
971 3906 3908
3906 970 3907
3908 3907 236
3906 3907 3908
969 3909 3911
3909 970 3910
3911 3910 971
3909 3910 3911
51 3912 3914
3912 972 3913
3914 3913 974
3912 3913 3914
972 3915 3917
3915 237 3916
3917 3916 973
3915 3916 3917
974 3918 3920
3918 973 3919
3920 3919 239
3918 3919 3920
972 3921 3923
3921 973 3922
3923 3922 974
3921 3922 3923
237 3924 3926
3924 975 3925
3926 3925 977
3924 3925 3926
975 3927 3929
3927 52 3928
3929 3928 976
3927 3928 3929
977 3930 3932
3930 976 3931
3932 3931 238
3930 3931 3932
975 3933 3935
3933 976 3934
3935 3934 977
3933 3934 3935
239 3936 3938
3936 978 3937
3938 3937 980
3936 3937 3938
978 3939 3941
3939 238 3940
3941 3940 979
3939 3940 3941
980 3942 3944
3942 979 3943
3944 3943 53
3942 3943 3944
978 3945 3947
3945 979 3946
3947 3946 980
3945 3946 3947
237 3948 3950
3948 981 3949
3950 3949 983
3948 3949 3950
981 3951 3953
3951 238 3952
3953 3952 982
3951 3952 3953
983 3954 3956
3954 982 3955
3956 3955 239
3954 3955 3956
981 3957 3959
3957 982 3958
3959 3958 983
3957 3958 3959
3 3960 3962
3960 984 3961
3962 3961 986
3960 3961 3962
984 3963 3965
3963 240 3964
3965 3964 985
3963 3964 3965
986 3966 3968
3966 985 3967
3968 3967 242
3966 3967 3968
984 3969 3971
3969 985 3970
3971 3970 986
3969 3970 3971
240 3972 3974
3972 987 3973
3974 3973 989
3972 3973 3974
987 3975 3977
3975 54 3976
3977 3976 988
3975 3976 3977
989 3978 3980
3978 988 3979
3980 3979 241
3978 3979 3980
987 3981 3983
3981 988 3982
3983 3982 989
3981 3982 3983
242 3984 3986
3984 990 3985
3986 3985 992
3984 3985 3986
990 3987 3989
3987 241 3988
3989 3988 991
3987 3988 3989
992 3990 3992
3990 991 3991
3992 3991 56
3990 3991 3992
990 3993 3995
3993 991 3994
3995 3994 992
3993 3994 3995
240 3996 3998
3996 993 3997
3998 3997 995
3996 3997 3998
993 3999 4001
3999 241 4000
4001 4000 994
3999 4000 4001
995 4002 4004
4002 994 4003
4004 4003 242
4002 4003 4004
993 4005 4007
4005 994 4006
4007 4006 995
4005 4006 4007
54 4008 4010
4008 996 4009
4010 4009 998
4008 4009 4010
996 4011 4013
4011 243 4012
4013 4012 997
4011 4012 4013
998 4014 4016
4014 997 4015
4016 4015 245
4014 4015 4016
996 4017 4019
4017 997 4018
4019 4018 998
4017 4018 4019
243 4020 4022
4020 999 4021
4022 4021 1001
4020 4021 4022
999 4023 4025
4023 5 4024
4025 4024 1000
4023 4024 4025
1001 4026 4028
4026 1000 4027
4028 4027 244
4026 4027 4028
999 4029 4031
4029 1000 4030
4031 4030 1001
4029 4030 4031
245 4032 4034
4032 1002 4033
4034 4033 1004
4032 4033 4034
1002 4035 4037
4035 244 4036
4037 4036 1003
4035 4036 4037
1004 4038 4040
4038 1003 4039
4040 4039 55
4038 4039 4040
1002 4041 4043
4041 1003 4042
4043 4042 1004
4041 4042 4043
243 4044 4046
4044 1005 4045
4046 4045 1007
4044 4045 4046
1005 4047 4049
4047 244 4048
4049 4048 1006
4047 4048 4049
1007 4050 4052
4050 1006 4051
4052 4051 245
4050 4051 4052
1005 4053 4055
4053 1006 4054
4055 4054 1007
4053 4054 4055
56 4056 4058
4056 1008 4057
4058 4057 1010
4056 4057 4058
1008 4059 4061
4059 246 4060
4061 4060 1009
4059 4060 4061
1010 4062 4064
4062 1009 4063
4064 4063 248
4062 4063 4064
1008 4065 4067
4065 1009 4066
4067 4066 1010
4065 4066 4067
246 4068 4070
4068 1011 4069
4070 4069 1013
4068 4069 4070
1011 4071 4073
4071 55 4072
4073 4072 1012
4071 4072 4073
1013 4074 4076
4074 1012 4075
4076 4075 247
4074 4075 4076
1011 4077 4079
4077 1012 4078
4079 4078 1013
4077 4078 4079
248 4080 4082
4080 1014 4081
4082 4081 1016
4080 4081 4082
1014 4083 4085
4083 247 4084
4085 4084 1015
4083 4084 4085
1016 4086 4088
4086 1015 4087
4088 4087 11
4086 4087 4088
1014 4089 4091
4089 1015 4090
4091 4090 1016
4089 4090 4091
246 4092 4094
4092 1017 4093
4094 4093 1019
4092 4093 4094
1017 4095 4097
4095 247 4096
4097 4096 1018
4095 4096 4097
1019 4098 4100
4098 1018 4099
4100 4099 248
4098 4099 4100
1017 4101 4103
4101 1018 4102
4103 4102 1019
4101 4102 4103
54 4104 4106
4104 1020 4105
4106 4105 1022
4104 4105 4106
1020 4107 4109
4107 249 4108
4109 4108 1021
4107 4108 4109
1022 4110 4112
4110 1021 4111
4112 4111 251
4110 4111 4112
1020 4113 4115
4113 1021 4114
4115 4114 1022
4113 4114 4115
249 4116 4118
4116 1023 4117
4118 4117 1025
4116 4117 4118
1023 4119 4121
4119 55 4120
4121 4120 1024
4119 4120 4121
1025 4122 4124
4122 1024 4123
4124 4123 250
4122 4123 4124
1023 4125 4127
4125 1024 4126
4127 4126 1025
4125 4126 4127
251 4128 4130
4128 1026 4129
4130 4129 1028
4128 4129 4130
1026 4131 4133
4131 250 4132
4133 4132 1027
4131 4132 4133
1028 4134 4136
4134 1027 4135
4136 4135 56
4134 4135 4136
1026 4137 4139
4137 1027 4138
4139 4138 1028
4137 4138 4139
249 4140 4142
4140 1029 4141
4142 4141 1031
4140 4141 4142
1029 4143 4145
4143 250 4144
4145 4144 1030
4143 4144 4145
1031 4146 4148
4146 1030 4147
4148 4147 251
4146 4147 4148
1029 4149 4151
4149 1030 4150
4151 4150 1031
4149 4150 4151
4 4152 4154
4152 1032 4153
4154 4153 1034
4152 4153 4154
1032 4155 4157
4155 252 4156
4157 4156 1033
4155 4156 4157
1034 4158 4160
4158 1033 4159
4160 4159 254
4158 4159 4160
1032 4161 4163
4161 1033 4162
4163 4162 1034
4161 4162 4163
252 4164 4166
4164 1035 4165
4166 4165 1037
4164 4165 4166
1035 4167 4169
4167 57 4168
4169 4168 1036
4167 4168 4169
1037 4170 4172
4170 1036 4171
4172 4171 253
4170 4171 4172
1035 4173 4175
4173 1036 4174
4175 4174 1037
4173 4174 4175
254 4176 4178
4176 1038 4177
4178 4177 1040
4176 4177 4178
1038 4179 4181
4179 253 4180
4181 4180 1039
4179 4180 4181
1040 4182 4184
4182 1039 4183
4184 4183 59
4182 4183 4184
1038 4185 4187
4185 1039 4186
4187 4186 1040
4185 4186 4187
252 4188 4190
4188 1041 4189
4190 4189 1043
4188 4189 4190
1041 4191 4193
4191 253 4192
4193 4192 1042
4191 4192 4193
1043 4194 4196
4194 1042 4195
4196 4195 254
4194 4195 4196
1041 4197 4199
4197 1042 4198
4199 4198 1043
4197 4198 4199
57 4200 4202
4200 1044 4201
4202 4201 1046
4200 4201 4202
1044 4203 4205
4203 255 4204
4205 4204 1045
4203 4204 4205
1046 4206 4208
4206 1045 4207
4208 4207 257
4206 4207 4208
1044 4209 4211
4209 1045 4210
4211 4210 1046
4209 4210 4211
255 4212 4214
4212 1047 4213
4214 4213 1049
4212 4213 4214
1047 4215 4217
4215 10 4216
4217 4216 1048
4215 4216 4217
1049 4218 4220
4218 1048 4219
4220 4219 256
4218 4219 4220
1047 4221 4223
4221 1048 4222
4223 4222 1049
4221 4222 4223
257 4224 4226
4224 1050 4225
4226 4225 1052
4224 4225 4226
1050 4227 4229
4227 256 4228
4229 4228 1051
4227 4228 4229
1052 4230 4232
4230 1051 4231
4232 4231 58
4230 4231 4232
1050 4233 4235
4233 1051 4234
4235 4234 1052
4233 4234 4235
255 4236 4238
4236 1053 4237
4238 4237 1055
4236 4237 4238
1053 4239 4241
4239 256 4240
4241 4240 1054
4239 4240 4241
1055 4242 4244
4242 1054 4243
4244 4243 257
4242 4243 4244
1053 4245 4247
4245 1054 4246
4247 4246 1055
4245 4246 4247
59 4248 4250
4248 1056 4249
4250 4249 1058
4248 4249 4250
1056 4251 4253
4251 258 4252
4253 4252 1057
4251 4252 4253
1058 4254 4256
4254 1057 4255
4256 4255 260
4254 4255 4256
1056 4257 4259
4257 1057 4258
4259 4258 1058
4257 4258 4259
258 4260 4262
4260 1059 4261
4262 4261 1061
4260 4261 4262
1059 4263 4265
4263 58 4264
4265 4264 1060
4263 4264 4265
1061 4266 4268
4266 1060 4267
4268 4267 259
4266 4267 4268
1059 4269 4271
4269 1060 4270
4271 4270 1061
4269 4270 4271
260 4272 4274
4272 1062 4273
4274 4273 1064
4272 4273 4274
1062 4275 4277
4275 259 4276
4277 4276 1063
4275 4276 4277
1064 4278 4280
4278 1063 4279
4280 4279 8
4278 4279 4280
1062 4281 4283
4281 1063 4282
4283 4282 1064
4281 4282 4283
258 4284 4286
4284 1065 4285
4286 4285 1067
4284 4285 4286
1065 4287 4289
4287 259 4288
4289 4288 1066
4287 4288 4289
1067 4290 4292
4290 1066 4291
4292 4291 260
4290 4291 4292
1065 4293 4295
4293 1066 4294
4295 4294 1067
4293 4294 4295
57 4296 4298
4296 1068 4297
4298 4297 1070
4296 4297 4298
1068 4299 4301
4299 261 4300
4301 4300 1069
4299 4300 4301
1070 4302 4304
4302 1069 4303
4304 4303 263
4302 4303 4304
1068 4305 4307
4305 1069 4306
4307 4306 1070
4305 4306 4307
261 4308 4310
4308 1071 4309
4310 4309 1073
4308 4309 4310
1071 4311 4313
4311 58 4312
4313 4312 1072
4311 4312 4313
1073 4314 4316
4314 1072 4315
4316 4315 262
4314 4315 4316
1071 4317 4319
4317 1072 4318
4319 4318 1073
4317 4318 4319
263 4320 4322
4320 1074 4321
4322 4321 1076
4320 4321 4322
1074 4323 4325
4323 262 4324
4325 4324 1075
4323 4324 4325
1076 4326 4328
4326 1075 4327
4328 4327 59
4326 4327 4328
1074 4329 4331
4329 1075 4330
4331 4330 1076
4329 4330 4331
261 4332 4334
4332 1077 4333
4334 4333 1079
4332 4333 4334
1077 4335 4337
4335 262 4336
4337 4336 1078
4335 4336 4337
1079 4338 4340
4338 1078 4339
4340 4339 263
4338 4339 4340
1077 4341 4343
4341 1078 4342
4343 4342 1079
4341 4342 4343
5 4344 4346
4344 1080 4345
4346 4345 1082
4344 4345 4346
1080 4347 4349
4347 264 4348
4349 4348 1081
4347 4348 4349
1082 4350 4352
4350 1081 4351
4352 4351 266
4350 4351 4352
1080 4353 4355
4353 1081 4354
4355 4354 1082
4353 4354 4355
264 4356 4358
4356 1083 4357
4358 4357 1085
4356 4357 4358
1083 4359 4361
4359 60 4360
4361 4360 1084
4359 4360 4361
1085 4362 4364
4362 1084 4363
4364 4363 265
4362 4363 4364
1083 4365 4367
4365 1084 4366
4367 4366 1085
4365 4366 4367
266 4368 4370
4368 1086 4369
4370 4369 1088
4368 4369 4370
1086 4371 4373
4371 265 4372
4373 4372 1087
4371 4372 4373
1088 4374 4376
4374 1087 4375
4376 4375 62
4374 4375 4376
1086 4377 4379
4377 1087 4378
4379 4378 1088
4377 4378 4379
264 4380 4382
4380 1089 4381
4382 4381 1091
4380 4381 4382
1089 4383 4385
4383 265 4384
4385 4384 1090
4383 4384 4385
1091 4386 4388
4386 1090 4387
4388 4387 266
4386 4387 4388
1089 4389 4391
4389 1090 4390
4391 4390 1091
4389 4390 4391
60 4392 4394
4392 1092 4393
4394 4393 1094
4392 4393 4394
1092 4395 4397
4395 267 4396
4397 4396 1093
4395 4396 4397
1094 4398 4400
4398 1093 4399
4400 4399 269
4398 4399 4400
1092 4401 4403
4401 1093 4402
4403 4402 1094
4401 4402 4403
267 4404 4406
4404 1095 4405
4406 4405 1097
4404 4405 4406
1095 4407 4409
4407 3 4408
4409 4408 1096
4407 4408 4409
1097 4410 4412
4410 1096 4411
4412 4411 268
4410 4411 4412
1095 4413 4415
4413 1096 4414
4415 4414 1097
4413 4414 4415
269 4416 4418
4416 1098 4417
4418 4417 1100
4416 4417 4418
1098 4419 4421
4419 268 4420
4421 4420 1099
4419 4420 4421
1100 4422 4424
4422 1099 4423
4424 4423 61
4422 4423 4424
1098 4425 4427
4425 1099 4426
4427 4426 1100
4425 4426 4427
267 4428 4430
4428 1101 4429
4430 4429 1103
4428 4429 4430
1101 4431 4433
4431 268 4432
4433 4432 1102
4431 4432 4433
1103 4434 4436
4434 1102 4435
4436 4435 269
4434 4435 4436
1101 4437 4439
4437 1102 4438
4439 4438 1103
4437 4438 4439
62 4440 4442
4440 1104 4441
4442 4441 1106
4440 4441 4442
1104 4443 4445
4443 270 4444
4445 4444 1105
4443 4444 4445
1106 4446 4448
4446 1105 4447
4448 4447 272
4446 4447 4448
1104 4449 4451
4449 1105 4450
4451 4450 1106
4449 4450 4451
270 4452 4454
4452 1107 4453
4454 4453 1109
4452 4453 4454
1107 4455 4457
4455 61 4456
4457 4456 1108
4455 4456 4457
1109 4458 4460
4458 1108 4459
4460 4459 271
4458 4459 4460
1107 4461 4463
4461 1108 4462
4463 4462 1109
4461 4462 4463
272 4464 4466
4464 1110 4465
4466 4465 1112
4464 4465 4466
1110 4467 4469
4467 271 4468
4469 4468 1111
4467 4468 4469
1112 4470 4472
4470 1111 4471
4472 4471 4
4470 4471 4472
1110 4473 4475
4473 1111 4474
4475 4474 1112
4473 4474 4475
270 4476 4478
4476 1113 4477
4478 4477 1115
4476 4477 4478
1113 4479 4481
4479 271 4480
4481 4480 1114
4479 4480 4481
1115 4482 4484
4482 1114 4483
4484 4483 272
4482 4483 4484
1113 4485 4487
4485 1114 4486
4487 4486 1115
4485 4486 4487
60 4488 4490
4488 1116 4489
4490 4489 1118
4488 4489 4490
1116 4491 4493
4491 273 4492
4493 4492 1117
4491 4492 4493
1118 4494 4496
4494 1117 4495
4496 4495 275
4494 4495 4496
1116 4497 4499
4497 1117 4498
4499 4498 1118
4497 4498 4499
273 4500 4502
4500 1119 4501
4502 4501 1121
4500 4501 4502
1119 4503 4505
4503 61 4504
4505 4504 1120
4503 4504 4505
1121 4506 4508
4506 1120 4507
4508 4507 274
4506 4507 4508
1119 4509 4511
4509 1120 4510
4511 4510 1121
4509 4510 4511
275 4512 4514
4512 1122 4513
4514 4513 1124
4512 4513 4514
1122 4515 4517
4515 274 4516
4517 4516 1123
4515 4516 4517
1124 4518 4520
4518 1123 4519
4520 4519 62
4518 4519 4520
1122 4521 4523
4521 1123 4522
4523 4522 1124
4521 4522 4523
273 4524 4526
4524 1125 4525
4526 4525 1127
4524 4525 4526
1125 4527 4529
4527 274 4528
4529 4528 1126
4527 4528 4529
1127 4530 4532
4530 1126 4531
4532 4531 275
4530 4531 4532
1125 4533 4535
4533 1126 4534
4535 4534 1127
4533 4534 4535
9 4536 4538
4536 1128 4537
4538 4537 1130
4536 4537 4538
1128 4539 4541
4539 276 4540
4541 4540 1129
4539 4540 4541
1130 4542 4544
4542 1129 4543
4544 4543 278
4542 4543 4544
1128 4545 4547
4545 1129 4546
4547 4546 1130
4545 4546 4547
276 4548 4550
4548 1131 4549
4550 4549 1133
4548 4549 4550
1131 4551 4553
4551 63 4552
4553 4552 1132
4551 4552 4553
1133 4554 4556
4554 1132 4555
4556 4555 277
4554 4555 4556
1131 4557 4559
4557 1132 4558
4559 4558 1133
4557 4558 4559
278 4560 4562
4560 1134 4561
4562 4561 1136
4560 4561 4562
1134 4563 4565
4563 277 4564
4565 4564 1135
4563 4564 4565
1136 4566 4568
4566 1135 4567
4568 4567 65
4566 4567 4568
1134 4569 4571
4569 1135 4570
4571 4570 1136
4569 4570 4571
276 4572 4574
4572 1137 4573
4574 4573 1139
4572 4573 4574
1137 4575 4577
4575 277 4576
4577 4576 1138
4575 4576 4577
1139 4578 4580
4578 1138 4579
4580 4579 278
4578 4579 4580
1137 4581 4583
4581 1138 4582
4583 4582 1139
4581 4582 4583
63 4584 4586
4584 1140 4585
4586 4585 1142
4584 4585 4586
1140 4587 4589
4587 279 4588
4589 4588 1141
4587 4588 4589
1142 4590 4592
4590 1141 4591
4592 4591 281
4590 4591 4592
1140 4593 4595
4593 1141 4594
4595 4594 1142
4593 4594 4595
279 4596 4598
4596 1143 4597
4598 4597 1145
4596 4597 4598
1143 4599 4601
4599 11 4600
4601 4600 1144
4599 4600 4601
1145 4602 4604
4602 1144 4603
4604 4603 280
4602 4603 4604
1143 4605 4607
4605 1144 4606
4607 4606 1145
4605 4606 4607
281 4608 4610
4608 1146 4609
4610 4609 1148
4608 4609 4610
1146 4611 4613
4611 280 4612
4613 4612 1147
4611 4612 4613
1148 4614 4616
4614 1147 4615
4616 4615 64
4614 4615 4616
1146 4617 4619
4617 1147 4618
4619 4618 1148
4617 4618 4619
279 4620 4622
4620 1149 4621
4622 4621 1151
4620 4621 4622
1149 4623 4625
4623 280 4624
4625 4624 1150
4623 4624 4625
1151 4626 4628
4626 1150 4627
4628 4627 281
4626 4627 4628
1149 4629 4631
4629 1150 4630
4631 4630 1151
4629 4630 4631
65 4632 4634
4632 1152 4633
4634 4633 1154
4632 4633 4634
1152 4635 4637
4635 282 4636
4637 4636 1153
4635 4636 4637
1154 4638 4640
4638 1153 4639
4640 4639 284
4638 4639 4640
1152 4641 4643
4641 1153 4642
4643 4642 1154
4641 4642 4643
282 4644 4646
4644 1155 4645
4646 4645 1157
4644 4645 4646
1155 4647 4649
4647 64 4648
4649 4648 1156
4647 4648 4649
1157 4650 4652
4650 1156 4651
4652 4651 283
4650 4651 4652
1155 4653 4655
4653 1156 4654
4655 4654 1157
4653 4654 4655
284 4656 4658
4656 1158 4657
4658 4657 1160
4656 4657 4658
1158 4659 4661
4659 283 4660
4661 4660 1159
4659 4660 4661
1160 4662 4664
4662 1159 4663
4664 4663 5
4662 4663 4664
1158 4665 4667
4665 1159 4666
4667 4666 1160
4665 4666 4667
282 4668 4670
4668 1161 4669
4670 4669 1163
4668 4669 4670
1161 4671 4673
4671 283 4672
4673 4672 1162
4671 4672 4673
1163 4674 4676
4674 1162 4675
4676 4675 284
4674 4675 4676
1161 4677 4679
4677 1162 4678
4679 4678 1163
4677 4678 4679
63 4680 4682
4680 1164 4681
4682 4681 1166
4680 4681 4682
1164 4683 4685
4683 285 4684
4685 4684 1165
4683 4684 4685
1166 4686 4688
4686 1165 4687
4688 4687 287
4686 4687 4688
1164 4689 4691
4689 1165 4690
4691 4690 1166
4689 4690 4691
285 4692 4694
4692 1167 4693
4694 4693 1169
4692 4693 4694
1167 4695 4697
4695 64 4696
4697 4696 1168
4695 4696 4697
1169 4698 4700
4698 1168 4699
4700 4699 286
4698 4699 4700
1167 4701 4703
4701 1168 4702
4703 4702 1169
4701 4702 4703
287 4704 4706
4704 1170 4705
4706 4705 1172
4704 4705 4706
1170 4707 4709
4707 286 4708
4709 4708 1171
4707 4708 4709
1172 4710 4712
4710 1171 4711
4712 4711 65
4710 4711 4712
1170 4713 4715
4713 1171 4714
4715 4714 1172
4713 4714 4715
285 4716 4718
4716 1173 4717
4718 4717 1175
4716 4717 4718
1173 4719 4721
4719 286 4720
4721 4720 1174
4719 4720 4721
1175 4722 4724
4722 1174 4723
4724 4723 287
4722 4723 4724
1173 4725 4727
4725 1174 4726
4727 4726 1175
4725 4726 4727
2 4728 4730
4728 1176 4729
4730 4729 1178
4728 4729 4730
1176 4731 4733
4731 288 4732
4733 4732 1177
4731 4732 4733
1178 4734 4736
4734 1177 4735
4736 4735 290
4734 4735 4736
1176 4737 4739
4737 1177 4738
4739 4738 1178
4737 4738 4739
288 4740 4742
4740 1179 4741
4742 4741 1181
4740 4741 4742
1179 4743 4745
4743 66 4744
4745 4744 1180
4743 4744 4745
1181 4746 4748
4746 1180 4747
4748 4747 289
4746 4747 4748
1179 4749 4751
4749 1180 4750
4751 4750 1181
4749 4750 4751
290 4752 4754
4752 1182 4753
4754 4753 1184
4752 4753 4754
1182 4755 4757
4755 289 4756
4757 4756 1183
4755 4756 4757
1184 4758 4760
4758 1183 4759
4760 4759 68
4758 4759 4760
1182 4761 4763
4761 1183 4762
4763 4762 1184
4761 4762 4763
288 4764 4766
4764 1185 4765
4766 4765 1187
4764 4765 4766
1185 4767 4769
4767 289 4768
4769 4768 1186
4767 4768 4769
1187 4770 4772
4770 1186 4771
4772 4771 290
4770 4771 4772
1185 4773 4775
4773 1186 4774
4775 4774 1187
4773 4774 4775
66 4776 4778
4776 1188 4777
4778 4777 1190
4776 4777 4778
1188 4779 4781
4779 291 4780
4781 4780 1189
4779 4780 4781
1190 4782 4784
4782 1189 4783
4784 4783 293
4782 4783 4784
1188 4785 4787
4785 1189 4786
4787 4786 1190
4785 4786 4787
291 4788 4790
4788 1191 4789
4790 4789 1193
4788 4789 4790
1191 4791 4793
4791 7 4792
4793 4792 1192
4791 4792 4793
1193 4794 4796
4794 1192 4795
4796 4795 292
4794 4795 4796
1191 4797 4799
4797 1192 4798
4799 4798 1193
4797 4798 4799
293 4800 4802
4800 1194 4801
4802 4801 1196
4800 4801 4802
1194 4803 4805
4803 292 4804
4805 4804 1195
4803 4804 4805
1196 4806 4808
4806 1195 4807
4808 4807 67
4806 4807 4808
1194 4809 4811
4809 1195 4810
4811 4810 1196
4809 4810 4811
291 4812 4814
4812 1197 4813
4814 4813 1199
4812 4813 4814
1197 4815 4817
4815 292 4816
4817 4816 1198
4815 4816 4817
1199 4818 4820
4818 1198 4819
4820 4819 293
4818 4819 4820
1197 4821 4823
4821 1198 4822
4823 4822 1199
4821 4822 4823
68 4824 4826
4824 1200 4825
4826 4825 1202
4824 4825 4826
1200 4827 4829
4827 294 4828
4829 4828 1201
4827 4828 4829
1202 4830 4832
4830 1201 4831
4832 4831 296
4830 4831 4832
1200 4833 4835
4833 1201 4834
4835 4834 1202
4833 4834 4835
294 4836 4838
4836 1203 4837
4838 4837 1205
4836 4837 4838
1203 4839 4841
4839 67 4840
4841 4840 1204
4839 4840 4841
1205 4842 4844
4842 1204 4843
4844 4843 295
4842 4843 4844
1203 4845 4847
4845 1204 4846
4847 4846 1205
4845 4846 4847
296 4848 4850
4848 1206 4849
4850 4849 1208
4848 4849 4850
1206 4851 4853
4851 295 4852
4853 4852 1207
4851 4852 4853
1208 4854 4856
4854 1207 4855
4856 4855 9
4854 4855 4856
1206 4857 4859
4857 1207 4858
4859 4858 1208
4857 4858 4859
294 4860 4862
4860 1209 4861
4862 4861 1211
4860 4861 4862
1209 4863 4865
4863 295 4864
4865 4864 1210
4863 4864 4865
1211 4866 4868
4866 1210 4867
4868 4867 296
4866 4867 4868
1209 4869 4871
4869 1210 4870
4871 4870 1211
4869 4870 4871
66 4872 4874
4872 1212 4873
4874 4873 1214
4872 4873 4874
1212 4875 4877
4875 297 4876
4877 4876 1213
4875 4876 4877
1214 4878 4880
4878 1213 4879
4880 4879 299
4878 4879 4880
1212 4881 4883
4881 1213 4882
4883 4882 1214
4881 4882 4883
297 4884 4886
4884 1215 4885
4886 4885 1217
4884 4885 4886
1215 4887 4889
4887 67 4888
4889 4888 1216
4887 4888 4889
1217 4890 4892
4890 1216 4891
4892 4891 298
4890 4891 4892
1215 4893 4895
4893 1216 4894
4895 4894 1217
4893 4894 4895
299 4896 4898
4896 1218 4897
4898 4897 1220
4896 4897 4898
1218 4899 4901
4899 298 4900
4901 4900 1219
4899 4900 4901
1220 4902 4904
4902 1219 4903
4904 4903 68
4902 4903 4904
1218 4905 4907
4905 1219 4906
4907 4906 1220
4905 4906 4907
297 4908 4910
4908 1221 4909
4910 4909 1223
4908 4909 4910
1221 4911 4913
4911 298 4912
4913 4912 1222
4911 4912 4913
1223 4914 4916
4914 1222 4915
4916 4915 299
4914 4915 4916
1221 4917 4919
4917 1222 4918
4919 4918 1223
4917 4918 4919
8 4920 4922
4920 1224 4921
4922 4921 1226
4920 4921 4922
1224 4923 4925
4923 300 4924
4925 4924 1225
4923 4924 4925
1226 4926 4928
4926 1225 4927
4928 4927 302
4926 4927 4928
1224 4929 4931
4929 1225 4930
4931 4930 1226
4929 4930 4931
300 4932 4934
4932 1227 4933
4934 4933 1229
4932 4933 4934
1227 4935 4937
4935 69 4936
4937 4936 1228
4935 4936 4937
1229 4938 4940
4938 1228 4939
4940 4939 301
4938 4939 4940
1227 4941 4943
4941 1228 4942
4943 4942 1229
4941 4942 4943
302 4944 4946
4944 1230 4945
4946 4945 1232
4944 4945 4946
1230 4947 4949
4947 301 4948
4949 4948 1231
4947 4948 4949
1232 4950 4952
4950 1231 4951
4952 4951 71
4950 4951 4952
1230 4953 4955
4953 1231 4954
4955 4954 1232
4953 4954 4955
300 4956 4958
4956 1233 4957
4958 4957 1235
4956 4957 4958
1233 4959 4961
4959 301 4960
4961 4960 1234
4959 4960 4961
1235 4962 4964
4962 1234 4963
4964 4963 302
4962 4963 4964
1233 4965 4967
4965 1234 4966
4967 4966 1235
4965 4966 4967
69 4968 4970
4968 1236 4969
4970 4969 1238
4968 4969 4970
1236 4971 4973
4971 303 4972
4973 4972 1237
4971 4972 4973
1238 4974 4976
4974 1237 4975
4976 4975 305
4974 4975 4976
1236 4977 4979
4977 1237 4978
4979 4978 1238
4977 4978 4979
303 4980 4982
4980 1239 4981
4982 4981 1241
4980 4981 4982
1239 4983 4985
4983 6 4984
4985 4984 1240
4983 4984 4985
1241 4986 4988
4986 1240 4987
4988 4987 304
4986 4987 4988
1239 4989 4991
4989 1240 4990
4991 4990 1241
4989 4990 4991
305 4992 4994
4992 1242 4993
4994 4993 1244
4992 4993 4994
1242 4995 4997
4995 304 4996
4997 4996 1243
4995 4996 4997
1244 4998 5000
4998 1243 4999
5000 4999 70
4998 4999 5000
1242 5001 5003
5001 1243 5002
5003 5002 1244
5001 5002 5003
303 5004 5006
5004 1245 5005
5006 5005 1247
5004 5005 5006
1245 5007 5009
5007 304 5008
5009 5008 1246
5007 5008 5009
1247 5010 5012
5010 1246 5011
5012 5011 305
5010 5011 5012
1245 5013 5015
5013 1246 5014
5015 5014 1247
5013 5014 5015
71 5016 5018
5016 1248 5017
5018 5017 1250
5016 5017 5018
1248 5019 5021
5019 306 5020
5021 5020 1249
5019 5020 5021
1250 5022 5024
5022 1249 5023
5024 5023 308
5022 5023 5024
1248 5025 5027
5025 1249 5026
5027 5026 1250
5025 5026 5027
306 5028 5030
5028 1251 5029
5030 5029 1253
5028 5029 5030
1251 5031 5033
5031 70 5032
5033 5032 1252
5031 5032 5033
1253 5034 5036
5034 1252 5035
5036 5035 307
5034 5035 5036
1251 5037 5039
5037 1252 5038
5039 5038 1253
5037 5038 5039
308 5040 5042
5040 1254 5041
5042 5041 1256
5040 5041 5042
1254 5043 5045
5043 307 5044
5045 5044 1255
5043 5044 5045
1256 5046 5048
5046 1255 5047
5048 5047 2
5046 5047 5048
1254 5049 5051
5049 1255 5050
5051 5050 1256
5049 5050 5051
306 5052 5054
5052 1257 5053
5054 5053 1259
5052 5053 5054
1257 5055 5057
5055 307 5056
5057 5056 1258
5055 5056 5057
1259 5058 5060
5058 1258 5059
5060 5059 308
5058 5059 5060
1257 5061 5063
5061 1258 5062
5063 5062 1259
5061 5062 5063
69 5064 5066
5064 1260 5065
5066 5065 1262
5064 5065 5066
1260 5067 5069
5067 309 5068
5069 5068 1261
5067 5068 5069
1262 5070 5072
5070 1261 5071
5072 5071 311
5070 5071 5072
1260 5073 5075
5073 1261 5074
5075 5074 1262
5073 5074 5075
309 5076 5078
5076 1263 5077
5078 5077 1265
5076 5077 5078
1263 5079 5081
5079 70 5080
5081 5080 1264
5079 5080 5081
1265 5082 5084
5082 1264 5083
5084 5083 310
5082 5083 5084
1263 5085 5087
5085 1264 5086
5087 5086 1265
5085 5086 5087
311 5088 5090
5088 1266 5089
5090 5089 1268
5088 5089 5090
1266 5091 5093
5091 310 5092
5093 5092 1267
5091 5092 5093
1268 5094 5096
5094 1267 5095
5096 5095 71
5094 5095 5096
1266 5097 5099
5097 1267 5098
5099 5098 1268
5097 5098 5099
309 5100 5102
5100 1269 5101
5102 5101 1271
5100 5101 5102
1269 5103 5105
5103 310 5104
5105 5104 1270
5103 5104 5105
1271 5106 5108
5106 1270 5107
5108 5107 311
5106 5107 5108
1269 5109 5111
5109 1270 5110
5111 5110 1271
5109 5110 5111
