27
28
71
72
73
74
75
76
78
79
80
81
82
83
84
85
86
87
88
89
90
91
92
93
94
95
96
97
98
99
100
101
102
103
104
105
106
107
108
109
110
111
112
113
114
115
116
117
118
119
120
121
122
123
124
125
126
127
128
131
134
135
136
137
138
139
140
142
143
144
145
146
147
148
149
150
151
152
153
154
155
156
157
158
159
160
161
162
163
164
165
166
167
168
169
170
171
172
173
174
175
176
177
178
179
180
181
182
183
184
185
186
187
188
189
190
191
192
197
198
199
200
202
203
205
206
208
209
210
211
212
213
214
215
216
217
218
219
220
221
222
223
224
230
231
232
235
241
242
243
244
245
246
247
248
249
250
252
253
255
257
258
259
260
265
266
267
268
269
271
289
291
292
313
315
316
518
519
520
521
522
523
524
526
528
529
530
531
532
543
548
550
561
562
563
564
566
567
568
569
570
571
572
573
574
575
576
715
763
769
770
771
772
773
774
775
776
777
778
779
780
781
782
783
784
785
786
787
788
793
794
795
796
797
798
799
800
801
802
803
804
805
806
807
808
809
810
811
812
813
814
815
816
817
818
819
820
821
822
823
824
825
826
827
828
829
830
831
832
897
898
899
900
901
902
903
904
905
906
907
908
909
910
911
912
913
914
915
916
921
923
924
929
930
931
932
933
934
935
936
937
938
940
941
942
943
944
945
946
947
948
949
950
951
952
953
954
955
956
957
958
959
960
970
971
972
979
985
986
987
988
990
991
993
994
995
996
997
998
999
1000
1001
1002
1003
1004
1005
1006
1007
1008
1010
1011
1012
1013
1014
1015
1016
1017
1018
1019
1020
1021
1022
1023
1024
1090
1093
1094
1095
1096
1098
1101
1102
1105
1106
1107
1108
1109
1111
1112
1113
1114
1115
1116
1117
1118
1119
1120
1121
1122
1123
1124
1125
1126
1127
1128
1129
1130
1131
1132
1133
1134
1135
1136
1137
1138
1139
1140
1141
1142
1143
1144
1145
1146
1147
1148
1149
1150
1151
1152
1173
1181
1234
1236
1237
1239
1245
1246
1313
1799
1801
1807
1827
1828
1833
1835
1836
1839
1840
1841
1842
1843
1844
1849
1851
1852
1855
1856
4130
4133
4201
4203
4204
4227
4231
4233
4234
4235
4236
4239
4241
4242
4243
4245
4246
4247
4248
4249
4250
4251
4252
4253
4254
4255
4256
4257
4258
4259
4260
4261
4262
4263
4264
4265
4266
4267
4268
4269
4270
4271
4272
4274
4277
4278
4279
4280
4281
4282
4283
4284
4285
4286
4287
4288
4306
4309
4311
4317
4318
4320
4327
4334
4609
4610
4612
4613
4614
4621
4625
4674
4685
4903
4906
4907
4908
4917
4962
4963
4964
4969
4970
4971
4972
4973
4974
4975
4976
4993
4994
4995
4996
4997
4998
4999
5000
5001
5002
5003
5004
5005
5006
5007
5008
5009
5010
5011
5012
5017
5018
5019
5020
5021
5023
5025
5026
5027
5028
5029
5030
5031
5032
5033
5034
5035
5036
5037
5038
5039
5040
5041
5042
5043
5044
5045
5046
5047
5048
5049
5050
5051
5052
5053
5054
5055
5056
5074
5075
5077
5078
5080
5081
5082
5083
5084
5085
5086
5087
5088
5089
5090
5091
5092
5093
5094
5095
5096
5097
5098
5099
5100
5101
5102
5103
5104
5106
5109
5110
5111
5112
5113
5114
5116
5117
5118
5120